2.457235657038638621e+01
2.643326687048375234e+01
2.402922505807215714e+01
2.486790060935002344e+01
2.087188146335569527e+01
2.299626344057885419e+01
2.288582087610124560e+01
2.540592300447207563e+01
2.282947795672606617e+01
2.038455612270652040e+01
2.229383440380371795e+01
2.363894556400121161e+01
2.485997903310729384e+01
2.363358378099160362e+01
2.329510742844875182e+01
2.106101407141946424e+01
2.315840925228363645e+01
2.649860818100800941e+01
2.378769243682246426e+01
2.233351200029918715e+01
2.067977821289910523e+01
2.326073207488342476e+01
2.530887708034741479e+01
2.158615877176532649e+01
2.094847161212606679e+01
2.077670201047871146e+01
2.330045678172100310e+01
2.500434864016799708e+01
2.541193333738265636e+01
2.359138562721093280e+01
2.412887703435422537e+01
2.290230539551500044e+01
2.207450762115352205e+01
2.278605401836952637e+01
2.390191442892168538e+01
2.089173238319963488e+01
2.394419617665164779e+01
2.308740562286398657e+01
2.411631104974754081e+01
2.332779338738963659e+01
2.065850948749792693e+01
2.382663445471973773e+01
2.421550363322796073e+01
2.412286192207573166e+01
2.450919042191736708e+01
2.315133709081401392e+01
2.434082631256755036e+01
2.201152169079438181e+01
2.480777969915341430e+01
1.998842115065894376e+01
2.261109973337451962e+01
2.348165882278079053e+01
2.342758821982715034e+01
2.092698576186306880e+01
2.081169049628319456e+01
2.175310804841581813e+01
2.249603312800839916e+01
2.542140435557453415e+01
2.364721870005498161e+01
2.180057778161022242e+01
2.485532373899734537e+01
2.259951813643217022e+01
2.267318570596763649e+01
2.019013643589697438e+01
2.457157420599220643e+01
2.001984833268183905e+01
2.453543906241450756e+01
2.194260345116345334e+01
2.127571908669329304e+01
2.126482728973111236e+01
2.135065199174727368e+01
2.364797014520763696e+01
2.099997630033072937e+01
2.182622352019478029e+01
2.363031539022398064e+01
2.067811683134922518e+01
2.186326997584455256e+01
2.515910783472788026e+01
2.290242707237794662e+01
2.278429321041068789e+01
2.415473023023577781e+01
2.345382477637753027e+01
2.021463306722497677e+01
2.450701677011355883e+01
2.411412666692216433e+01
2.182652383070440649e+01
2.163834587712046797e+01
2.227257834020748462e+01
1.923413780930167505e+01
2.130088636169170258e+01
2.323618136205983475e+01
2.126697583744134690e+01
2.243513136826182830e+01
2.351322806057228476e+01
1.930437918568597411e+01
2.341315365157146289e+01
2.230756332987206392e+01
2.336420914323704423e+01
2.151127031945781098e+01
2.214864982225941503e+01
2.101530405088411868e+01
2.474307487181174992e+01
1.919408783510984762e+01
2.499923962863545057e+01
2.056380771564684906e+01
1.734487851061970076e+01
1.910399993893408421e+01
2.400662569595883866e+01
2.059716485103717787e+01
2.555614583236691217e+01
2.356581594865266993e+01
2.334581340561651430e+01
2.147436857806902921e+01
2.070708597443805843e+01
2.196667235419019093e+01
2.353648364682107541e+01
2.303548064766978953e+01
2.317676741644264737e+01
2.220720608557987674e+01
2.506937622325872539e+01
2.393309418200719207e+01
1.981514437801593331e+01
2.143885564633242069e+01
2.166000141446580329e+01
2.198403305521733486e+01
2.784314772569405250e+01
2.123812265273554090e+01
2.248219485892568059e+01
2.524153157562929195e+01
2.109342111819080756e+01
2.217323070123721251e+01
2.086236170657177169e+01
2.057393888085225697e+01
2.295212759858339879e+01
2.387082917169508534e+01
2.312655795682288939e+01
2.286272184735653212e+01
2.064682225929183801e+01
2.168971394474412762e+01
2.325150331009206894e+01
2.274526165144502343e+01
2.166048680371609692e+01
2.164972586750368677e+01
2.034287147053515810e+01
2.162081424677563390e+01
2.163300225818718303e+01
2.277799982354543928e+01
2.185557530958387673e+01
2.347712495062985738e+01
2.244172675784750481e+01
2.562480546472809806e+01
2.299419833878785369e+01
2.165950783308896987e+01
2.224698566956120516e+01
2.238937182122253589e+01
2.487967955308821288e+01
2.196064511442328282e+01
2.359616188955225269e+01
2.492736224069911444e+01
2.283077426314295977e+01
2.716970320022043950e+01
2.478624833076310097e+01
2.156058476873854346e+01
2.154899565762844205e+01
2.017442025761883073e+01
2.446761249928955095e+01
2.042252760015663782e+01
2.157231575198820650e+01
2.244533642183608535e+01
2.228057618498177561e+01
2.178816445184775574e+01
2.011357060539694075e+01
2.489044722815540212e+01
2.146927582492218889e+01
2.269647502594689570e+01
2.412817958605691615e+01
2.194418508518360866e+01
2.611122737330874344e+01
2.293177718840088630e+01
2.286449206245070442e+01
2.194454431942444472e+01
2.252959100269390547e+01
2.235153204705168051e+01
2.169787201354110096e+01
1.931259170268831582e+01
2.071620652738072010e+01
2.216578754174584276e+01
2.258908799512391141e+01
2.474481543865396560e+01
2.388771525163434006e+01
2.198024811458516226e+01
2.454145526355213747e+01
2.238647050064630761e+01
2.528128347497654360e+01
2.320973852170881102e+01
2.174614888617475472e+01
2.278041814606695326e+01
2.524411436658621000e+01
2.245463884379167752e+01
2.402541649486383335e+01
2.461302096682171836e+01
2.553648007154681565e+01
2.137935696204749902e+01
2.184908102823207088e+01
2.533215042049454624e+01
2.363532812388805127e+01
2.423271384256125316e+01
2.501638922954341737e+01
2.270561884468273917e+01
2.073396817650987245e+01
2.042570650110604902e+01
2.507371221792354277e+01
2.282121220062585110e+01
2.256624241693902633e+01
2.096834474038377749e+01
2.300863449470454114e+01
2.376345801921713630e+01
2.515126367173355604e+01
2.353143072940914138e+01
2.454943802553458809e+01
2.187487857958927862e+01
2.256538306283240658e+01
2.255204592166938582e+01
2.155213357927005191e+01
2.158751778647112829e+01
2.183008845227231376e+01
2.215167077108768723e+01
2.062355735812207058e+01
2.126460027016834786e+01
2.291197840056149104e+01
2.151017908103940712e+01
2.269706884304164518e+01
2.439588472743124470e+01
2.335310176279499572e+01
2.124545310292716138e+01
2.221700073081972349e+01
2.133153292696435699e+01
2.209484019067437899e+01
2.470004062488635554e+01
2.190486176138451313e+01
2.458093102786715889e+01
2.278919692281360199e+01
2.109595742522310502e+01
2.192961506578785347e+01
2.610082317547056974e+01
2.305745406614443382e+01
2.106321718003095356e+01
2.157353548648927344e+01
2.186880570063270213e+01
2.031773993675520273e+01
2.287347961606739233e+01
2.424394899272397197e+01
2.169530843664441377e+01
2.033575408603859813e+01
2.251135435317536349e+01
2.530750400743859885e+01
2.287639598203331914e+01
2.338442954552142439e+01
2.114663438020533803e+01
2.288153310066873658e+01
2.024973741770275737e+01
2.267035183611589133e+01
2.370363252668854770e+01
2.318580271316897168e+01
2.250178910046729897e+01
2.079185154811357350e+01
2.158097912333367319e+01
2.139424082474314304e+01
2.342974904158514349e+01
2.156574857474798890e+01
2.219625902537759998e+01
2.223747504318978940e+01
2.461191527605058482e+01
1.914307470256755295e+01
2.322670433889384611e+01
2.231634182237041486e+01
2.174796460664208197e+01
2.217112840355779824e+01
2.151658253367698492e+01
2.220479975164396080e+01
2.541250679822207914e+01
2.362663656627988473e+01
2.254928133706843596e+01
2.430308766635710072e+01
2.202437939714913995e+01
2.361741461011803622e+01
2.363054141177183354e+01
2.324228331615356780e+01
2.300919639564084207e+01
2.671327365021342359e+01
2.272295440107228615e+01
2.309867367847922637e+01
2.651663678130110924e+01
2.159224553155050330e+01
2.510316152881067353e+01
2.226354445877707988e+01
2.148908095117341333e+01
2.413603940362234113e+01
2.457375374636484722e+01
2.347232639755971562e+01
2.312482011988947761e+01
2.132439942394587717e+01
2.132091596384553256e+01
1.968191958265499153e+01
2.439645923014536066e+01
2.150609711497849474e+01
2.238771376491783727e+01
2.763893956545042840e+01
2.120903715990702310e+01
1.871493030569305205e+01
1.931514976347305179e+01
2.187135812173795202e+01
2.477564993841364327e+01
2.178104572478526535e+01
2.306715547996309468e+01
2.323146755710649813e+01
2.669102243165088240e+01
2.479606388041668907e+01
2.193252440123433544e+01
1.707249568713965004e+01
2.664725823903836499e+01
2.631226097679025955e+01
2.431362390654357952e+01
2.377608715138126172e+01
2.123003707787942673e+01
2.145015989137851520e+01
2.127942122445811179e+01
2.404101640619064639e+01
2.177558498890444483e+01
2.092390075133912930e+01
2.306409499185981105e+01
1.923038141309415394e+01
2.408140340440391824e+01
2.037162253859073147e+01
2.498618834557417046e+01
2.525178494180103783e+01
2.610860992197961394e+01
2.383927529287115732e+01
2.480025117253848421e+01
2.269785698165125964e+01
2.394952202802636876e+01
2.446329665987857638e+01
2.047906098862525326e+01
2.403651189064699167e+01
2.392412854033408109e+01
2.062973369636825183e+01
2.367601572460537795e+01
2.101853530310085461e+01
2.259124784574202849e+01
2.280714004561381003e+01
2.342288536060209125e+01
2.373284272700610842e+01
2.524510445250943746e+01
2.339736889800138187e+01
2.090395334022576179e+01
2.219200775330914155e+01
2.425960296638890767e+01
2.392876625242521982e+01
1.988335780342307757e+01
2.392423658971998535e+01
2.509247829514611894e+01
2.249109447660602967e+01
1.813403553937034118e+01
2.432144140181893732e+01
2.408366209290044679e+01
2.335354220381697488e+01
2.486958312663387360e+01
2.285294153064894473e+01
2.004119134260546176e+01
2.220173700038922959e+01
2.061356355898303150e+01
2.645091049398470773e+01
2.232726747235752640e+01
2.099785547173987510e+01
2.197215810771919919e+01
2.167069317153285013e+01
1.973438903230008634e+01
2.082203826185303441e+01
2.216237399922474438e+01
2.388282547673542311e+01
1.958776554287940641e+01
2.457604321715861317e+01
2.545755245182693827e+01
2.305095084191281174e+01
2.305937561402723901e+01
1.967219859001768256e+01
2.483732615287675216e+01
2.463982084512528914e+01
2.297974182777751295e+01
2.201320060330042594e+01
2.553203852929365780e+01
2.075428460767918892e+01
2.336481956125696868e+01
2.481736178026941175e+01
2.420554977622522230e+01
2.286564212305545141e+01
2.178123434803372405e+01
2.299823923489876876e+01
1.994954268687346044e+01
2.332321692028418525e+01
2.586170793320912864e+01
2.202543780394219652e+01
2.196049205504725776e+01
2.118479346898194393e+01
2.188669052879500754e+01
2.236982946650149984e+01
2.225451739818521091e+01
2.360424689770434270e+01
2.121351750321955265e+01
1.995646094917945135e+01
2.222076871173063850e+01
2.239049679153481520e+01
2.312747729762455862e+01
2.239382718282514162e+01
2.206893901057387453e+01
2.106165023553207050e+01
2.111858951565865183e+01
2.254640244573580432e+01
2.322529784164057176e+01
2.397423278799042379e+01
2.522014997315592666e+01
2.138611921225126267e+01
2.016296498721282404e+01
2.149659562794610324e+01
2.358764089942589948e+01
2.015158070817501113e+01
2.035416319280473374e+01
2.240421616874117561e+01
2.154630618427103173e+01
2.586970830928780529e+01
2.122114881717625323e+01
2.253658345306102717e+01
2.574778660761177562e+01
2.457164214218871123e+01
2.162936539654825907e+01
2.262457546937301700e+01
2.126287135647634940e+01
2.385152949896143326e+01
2.038556382110742504e+01
2.074426375134786227e+01
2.294645323478184196e+01
2.162652160752262276e+01
2.136798653163579687e+01
2.069194203822781120e+01
2.268355629448544875e+01
2.370220384125649460e+01
2.625179060399428010e+01
2.095689973423109720e+01
2.151345083460516250e+01
2.103343144867501024e+01
2.569668245394345973e+01
2.539038518921672605e+01
2.402575592424861384e+01
2.196102588618310492e+01
2.184610305175193190e+01
2.315306230528562637e+01
2.229895445428285683e+01
2.267297099798799920e+01
2.182573357624058730e+01
2.017046098314573754e+01
2.249612470508982653e+01
2.105084526443715376e+01
2.395568329903396432e+01
2.476000423149567808e+01
2.424795972292039892e+01
2.237989653870210915e+01
2.169133013905076623e+01
2.503228197947299805e+01
2.257382577996167328e+01
2.530899458556644177e+01
2.168745695922872230e+01
2.426879832048296848e+01
2.238654668024535965e+01
2.583309373537538178e+01
2.709246453300773183e+01
2.228475349064784083e+01
2.456376666847169332e+01
2.535778312411911628e+01
2.241010273453249013e+01
2.178979462974331227e+01
2.259410312987657576e+01
2.344265073286852186e+01
2.101541190546829441e+01
2.339396486705390288e+01
2.327995870359639241e+01
2.233427166576867506e+01
1.853539919602239294e+01
2.451115535572644433e+01
2.517845175255803269e+01
2.072470199718868855e+01
2.269529336349482662e+01
2.398313984874079807e+01
2.233941991289239937e+01
2.464430960632755330e+01
2.250079700653285286e+01
1.881093347482210021e+01
2.472223482697151553e+01
2.344347222983481771e+01
2.293114685664569663e+01
2.011061384780400019e+01
2.232388965901328248e+01
2.256624937884448201e+01
2.082656828270051363e+01
2.335904242107361739e+01
2.399066649202525525e+01
2.364117357779034378e+01
2.244729435908650217e+01
2.254169074854762655e+01
2.404548774772875319e+01
2.193282760183057079e+01
2.141313005342316700e+01
2.281751783367299424e+01
2.234077113693401628e+01
2.050833735852394923e+01
2.142758364736851817e+01
2.169221925782494509e+01
2.134363648880287201e+01
2.328228222313537188e+01
2.035387883703915790e+01
2.339766538010439234e+01
2.616359618953369903e+01
2.148596994865600962e+01
2.269980179532151610e+01
2.470466679657904407e+01
2.135968540933389903e+01
2.276940930425603682e+01
2.372433002984759298e+01
2.262051283652382949e+01
2.090561215207689116e+01
2.448487341901528680e+01
2.107662989648114760e+01
2.246012777708969210e+01
2.366293862264505066e+01
2.257755061579556610e+01
2.205840937929977841e+01
2.163660454892569263e+01
2.291622839262077349e+01
2.514441472214015860e+01
2.459524277341257203e+01
2.289730984260619451e+01
2.094312211073854257e+01
2.351475907442024749e+01
2.092255164798600475e+01
2.368052995564415752e+01
2.139788206144370264e+01
2.082819263123820264e+01
2.161901708980253289e+01
2.123711359122496489e+01
2.149013215966294510e+01
2.181960238819091558e+01
2.313259337532456072e+01
2.480834382672874483e+01
2.064511824328290857e+01
2.046747253726288207e+01
2.453598629273703935e+01
2.112501006367613954e+01
2.469827779235526322e+01
2.213465436523867425e+01
2.146596818394613493e+01
2.286573764784439788e+01
2.163021947942130652e+01
2.108225534212154884e+01
2.734987287414129042e+01
2.150515232317930625e+01
2.284321382285277124e+01
1.960333099550587832e+01
2.285257090339892372e+01
2.053967859764556181e+01
2.133055823930380157e+01
2.042661782395046544e+01
2.303203278155037026e+01
2.164604294508018967e+01
2.194301173818046991e+01
2.397636445460351240e+01
2.263055289761790689e+01
2.121839799752732247e+01
2.308175377876256462e+01
2.409407603411063548e+01
2.393019663032149325e+01
2.468583940606585969e+01
2.635520077620213897e+01
2.122959058111501207e+01
2.510181402616393243e+01
2.380623075602207450e+01
2.320296859280856694e+01
2.412801899451645937e+01
2.147331791412642232e+01
2.146858277245354074e+01
2.163439171749065792e+01
2.249887360241229217e+01
2.302944920466777745e+01
2.237105230351144058e+01
2.025508109318680283e+01
2.201541802071471920e+01
2.452150724834685391e+01
2.119118791503362687e+01
2.189451988091298773e+01
2.189242379366429958e+01
2.441064148049715143e+01
2.314100737817283360e+01
2.133596405710514432e+01
2.471930562636549666e+01
2.110877629253866061e+01
2.165924271376946919e+01
2.239300272442575235e+01
2.368768584443938252e+01
2.338942721134320735e+01
2.338464084142963273e+01
2.397217569056466147e+01
2.151354282987981392e+01
2.188457534365483781e+01
2.507771110965258998e+01
2.253304518456577554e+01
2.529264082818943393e+01
2.137784083283687053e+01
2.213319475807683290e+01
2.651286621371669483e+01
2.700727776752251330e+01
2.135472674356595491e+01
2.234803673649181377e+01
2.257518279468263600e+01
2.462913434212341457e+01
2.186187489310270138e+01
2.142074223179567127e+01
1.965108031471396899e+01
2.332644764866793352e+01
2.459958652985033822e+01
2.520355325021229120e+01
2.083350413380895105e+01
2.097874423756284301e+01
2.408084069314507758e+01
2.428043354469975768e+01
2.033536426186604018e+01
2.392045922974826055e+01
2.139136242374031482e+01
1.995962917018991689e+01
2.320683406343006538e+01
2.466069128850405789e+01
2.328188055763216013e+01
2.277755225688150276e+01
2.089192195881827985e+01
2.181333170365397578e+01
2.029746730015913059e+01
2.060034511898919973e+01
2.038947201769881801e+01
2.245759825292275380e+01
2.444766824942768579e+01
2.253511251108183089e+01
2.408310936167807625e+01
2.319226182720914764e+01
2.334177992158814163e+01
2.600288742581574297e+01
2.058286130962528304e+01
2.230829684011690262e+01
2.136594409403605610e+01
2.341055644204265818e+01
2.143870484684968503e+01
2.275919282127282983e+01
2.446046782094065009e+01
2.262549088263524766e+01
2.161650025091173788e+01
2.319528997700341932e+01
2.371250332727011667e+01
2.324104208829574958e+01
2.458376453618188862e+01
2.351471014667970749e+01
2.264197772605438885e+01
2.385630138442789772e+01
2.095572047674618688e+01
2.051506184134466082e+01
2.312647321833132708e+01
2.041195497689213312e+01
2.268048660058341781e+01
2.281180956213732713e+01
2.483538945229517836e+01
2.383466915073429604e+01
2.769481357440352554e+01
2.163901360411743724e+01
2.276989868980988163e+01
1.942886413965620207e+01
2.422384891975508125e+01
2.669126093243757225e+01
2.505437293679576882e+01
2.381277071106585908e+01
2.238498210214187978e+01
2.188856003427956054e+01
2.190836377437825533e+01
2.248712927085759006e+01
2.277389857265256978e+01
2.138456989689386134e+01
2.381178327677180562e+01
1.975326947165722657e+01
2.140444217487767986e+01
2.438662677170892579e+01
2.116458260433116934e+01
2.256899002862836312e+01
2.069987628069668872e+01
2.310920121112508596e+01
2.475948648254655282e+01
1.923631633829689846e+01
2.498582008975899171e+01
2.170557513379406345e+01
2.505051003406057575e+01
2.000231560127500785e+01
2.165551858066173807e+01
2.072054076426622871e+01
2.235273677169931261e+01
2.095084597025334006e+01
2.231308264334228042e+01
2.585913689533190762e+01
1.998721823105969264e+01
2.271579458867743284e+01
2.173202353688854416e+01
1.891184923693017694e+01
2.197408429653036421e+01
2.523333870242272425e+01
2.295935438438004539e+01
2.259951605303393052e+01
2.205064801075727843e+01
2.181134243094326663e+01
2.112558506802226432e+01
2.476189175141527343e+01
2.045405346198421981e+01
2.058444243159244991e+01
2.078109188892326742e+01
2.123512825417895655e+01
2.441588171635866189e+01
2.273358235754556134e+01
2.452916292168824697e+01
2.282601811075743470e+01
2.476699402325913013e+01
2.361288566882640083e+01
2.343493632694554307e+01
2.253161718923654178e+01
1.820140507487552028e+01
2.346054471752109905e+01
2.227946997249995675e+01
2.255139990664684646e+01
1.867606515532343892e+01
2.363478904973543848e+01
2.298857970416015206e+01
2.404737170082082187e+01
2.383498332894795624e+01
2.119942309460645902e+01
2.163630378344581828e+01
2.125860416819210030e+01
2.393402487863984263e+01
2.082236926464615578e+01
2.435088014340743712e+01
2.174712616112383046e+01
2.371777186112080216e+01
2.261451798297044036e+01
2.300931760210521659e+01
2.491485706858458116e+01
2.192511852973893127e+01
2.642239239698189834e+01
2.210243008741167614e+01
2.057513385832433883e+01
2.395072945561221545e+01
2.148908312714974755e+01
2.439578724808014698e+01
2.586691987956262295e+01
2.352680950186541509e+01
2.112916792545124167e+01
2.655265670680034162e+01
2.188089134980128492e+01
2.280919555260964771e+01
2.032814732311209127e+01
2.260438728008927711e+01
2.370775330411828108e+01
2.273404709857173245e+01
2.262877950992342235e+01
2.580633627208755598e+01
2.202976871118538327e+01
2.458382624717408049e+01
2.471861086897641258e+01
2.114835135759022577e+01
2.375876381364201251e+01
2.302979113810801692e+01
2.257982214424939826e+01
2.646696482643255521e+01
2.394731966211780971e+01
2.387271140498652855e+01
2.024817335634102022e+01
2.081606189012924091e+01
2.182889745823958805e+01
2.228983915426777429e+01
2.561179002106066704e+01
2.330642724091644524e+01
2.207358269389458982e+01
2.131251732515191577e+01
2.219266979468948975e+01
2.325967473042983258e+01
2.200134612341709328e+01
2.217833108077659077e+01
2.150614326826681122e+01
2.186379038229259919e+01
2.094447799124992571e+01
2.269845454072697422e+01
2.368357067998667986e+01
1.889627947097030969e+01
2.093381624995289769e+01
2.011247142035271906e+01
2.510254267152645724e+01
2.060139173715262118e+01
2.336741290779192681e+01
2.126441983601611696e+01
2.175725721565330772e+01
2.366972716529518195e+01
2.427114421888383333e+01
2.368521083871068456e+01
2.005490978911440081e+01
2.280320689980117876e+01
2.647775210612306651e+01
2.317436518196401352e+01
2.388404371736251619e+01
2.364129424554892367e+01
2.149925235488957753e+01
2.194078653085380282e+01
2.356469750194425927e+01
1.891777893622772311e+01
2.427387664671095280e+01
2.396384954742507389e+01
2.339637395824856725e+01
2.298001742603429065e+01
2.251565917757127622e+01
2.255986326606880610e+01
2.258135858636492799e+01
2.362711433056996668e+01
2.101522883050153112e+01
2.187886430193905696e+01
2.349438551066259251e+01
2.275835933228636421e+01
2.430148010935752367e+01
2.099764873722182301e+01
2.192255313048913834e+01
2.186406430776796128e+01
2.477216452585012263e+01
2.002945802561981026e+01
2.235249465862224838e+01
1.969525863676115662e+01
2.531463817917760295e+01
2.234574621274238737e+01
2.416352473783254595e+01
2.405225182793781258e+01
2.031196108927455413e+01
1.992492676698788756e+01
2.238368227106660413e+01
2.317829332383620766e+01
2.079219678954654071e+01
2.310242017012983951e+01
2.252216594625559765e+01
2.505489868338655413e+01
2.223070906759821241e+01
2.314283761575883958e+01
2.398345829787958294e+01
2.192842543890396101e+01
2.404193418675171046e+01
2.469419704326421083e+01
2.435364130617745815e+01
2.345558498435487493e+01
2.436522699699945349e+01
1.869248127478319788e+01
2.236949600760505064e+01
2.294867134024078226e+01
2.383498808383316714e+01
2.316594044843974842e+01
2.206714718516121465e+01
2.348030167039053495e+01
2.461047071173802436e+01
2.702801128001629749e+01
2.120547298364704858e+01
2.160892938759180382e+01
2.137591753912273873e+01
2.174338415696791671e+01
2.103386355365105231e+01
2.092886721033331909e+01
2.140903570186808480e+01
2.550840913026760148e+01
2.318339730349400440e+01
2.223240570501460667e+01
2.238881795455939994e+01
2.352151356715064168e+01
2.313655234389855408e+01
2.340923675603423604e+01
2.277812186910299275e+01
2.348113917460293720e+01
2.251143870788036239e+01
2.390626387334350511e+01
2.333468131401227907e+01
2.270167506577304195e+01
2.399590372029998520e+01
2.173927140710393502e+01
2.163722923498521666e+01
2.201716583110773584e+01
2.354332415945988188e+01
2.246111166395590431e+01
2.053561711539147439e+01
2.305168617438124556e+01
2.535407451447838412e+01
2.260736975515338543e+01
2.099039606032373229e+01
2.417811469837334926e+01
2.466263480776003902e+01
2.258185110007688579e+01
2.029538044809445196e+01
2.160268719850716579e+01
2.338133285366838265e+01
2.093905716184444898e+01
2.354049279929123273e+01
2.121182065005271156e+01
2.114097120362535520e+01
2.142270227198531174e+01
2.381791140971802179e+01
2.360774639789283569e+01
2.204814630514260543e+01
2.502379043398767067e+01
2.259427774103110309e+01
2.324809647429002268e+01
2.436173593936573667e+01
2.323165092454840064e+01
2.045609855279175449e+01
2.267197423679288448e+01
2.198576099282712448e+01
2.175255352263712538e+01
2.187933401699745772e+01
2.314409816805146747e+01
2.300254592752509808e+01
2.208693648151064792e+01
2.649572677265364717e+01
2.063677987479851339e+01
2.375985376028680562e+01
2.351402216864774886e+01
2.123072775501789522e+01
2.589855120430199165e+01
2.206325071447563957e+01
2.345541251708560893e+01
2.033105941497499458e+01
2.351685892259688515e+01
2.030884411927688760e+01
2.153745134816889717e+01
2.140927773947267454e+01
2.390779322880307944e+01
2.111863787852998087e+01
1.966291995348588273e+01
2.248798553618101081e+01
2.455363916321565299e+01
2.319669251312198099e+01
2.332962743187252030e+01
2.220028899373245324e+01
2.196088271050127716e+01
2.349220602101773636e+01
2.227198112776113703e+01
2.282469575959097696e+01
2.447961263902535833e+01
2.091984279849768669e+01
2.096752239492104408e+01
2.128633085909714140e+01
2.348936883594630842e+01
2.049177093422158435e+01
2.319980657501285748e+01
2.103508823917987769e+01
2.552832374333783605e+01
2.488400069589587105e+01
2.151580686362637351e+01
2.204236274929447958e+01
2.307757924667079763e+01
2.320986570913311198e+01
2.220022693828224547e+01
2.336830327087785619e+01
2.251479721634313336e+01
2.344887094755449297e+01
2.236866786537735763e+01
2.251051940704577348e+01
2.271491213097739958e+01
2.657910049913515138e+01
2.497710301734744220e+01
2.329413961468937799e+01
1.963890163483156215e+01
2.326357411866276692e+01
2.053798591427549525e+01
2.619303100505261739e+01
2.132642010816622857e+01
2.450377276852894681e+01
2.121598728512596566e+01
2.460535250006157071e+01
2.145437464650046877e+01
2.197909057264173427e+01
2.147687067674473482e+01
2.108363018352617502e+01
2.396807329098034955e+01
2.631969894959008371e+01
2.314686201411333499e+01
2.472294192950651137e+01
2.122935053044251319e+01
2.161651909272618255e+01
2.123092281064719700e+01
2.169530758228101419e+01
2.069527179017603302e+01
2.246113799260643873e+01
