2.408167600228891203e+01
2.693034750625106000e+01
2.391125030956609976e+01
2.425696251556252037e+01
2.085346538556800766e+01
2.544068661215872140e+01
2.202164391553757383e+01
2.657095735878713327e+01
2.367301878055455333e+01
1.954625473859103479e+01
1.949831514171204816e+01
2.512866688923274694e+01
2.706414784730644740e+01
2.162968903047896063e+01
2.268687251992139409e+01
1.860032235003702183e+01
2.317259934530062893e+01
2.866030290642937928e+01
2.691201544268895418e+01
2.236176862499625528e+01
2.224754870031855702e+01
2.299474064587262490e+01
2.419376003604650904e+01
2.643165404578646260e+01
1.952643512119562530e+01
2.208015032918408949e+01
2.306245151888616007e+01
2.520669042206053945e+01
2.900707748631402083e+01
2.370731809246221289e+01
2.459548714041542183e+01
2.390234009390983871e+01
2.507048867348016685e+01
2.224853961030519756e+01
2.270157588252746095e+01
2.133883473408587861e+01
2.368605088040613538e+01
2.350882390732724758e+01
2.378388410360836147e+01
2.403960647329082434e+01
1.735010131081174123e+01
2.061190328956371332e+01
2.724707572678328305e+01
2.551163993478870040e+01
2.393362381110103954e+01
2.271595408955255735e+01
2.322394629277750155e+01
2.098448889357219826e+01
2.509180259702390714e+01
2.191813784866612380e+01
2.370578748564289739e+01
2.274433763818806753e+01
2.493404623802873488e+01
1.998767728010393796e+01
1.954279672471275831e+01
2.052418880027037318e+01
2.124866431982220405e+01
2.565862627062707801e+01
2.363538151598482173e+01
2.066072088917584537e+01
2.501723534208603894e+01
2.295473294789954366e+01
2.037101536221526743e+01
2.122777008347167538e+01
2.309322671941417937e+01
2.038854936126762141e+01
2.025919098370819782e+01
2.034609153151101069e+01
1.890894992715908884e+01
1.953917332295421261e+01
2.268425585672588696e+01
2.410211458913589411e+01
2.072776167209595855e+01
1.927339213733394985e+01
2.331093189634898621e+01
1.882719334706384373e+01
2.167982404100580140e+01
2.514261074831597398e+01
2.505837939227829736e+01
2.221228845046460521e+01
2.240484854552551397e+01
2.389244315329980495e+01
1.800849914457765166e+01
2.626305931632761670e+01
2.385216404466571660e+01
2.470377267168418101e+01
2.169259059136191681e+01
2.354180077050052589e+01
1.933478926167682843e+01
2.153347882878491149e+01
2.644454223409123017e+01
2.200951397845050650e+01
2.351106579190031098e+01
2.152635853882129879e+01
2.199624949990937495e+01
2.191494751116445272e+01
2.335587823146465070e+01
2.358358887209244514e+01
1.648503685760346826e+01
2.080391987238927598e+01
2.289748298211533495e+01
2.805281408922236608e+01
1.734086254051895892e+01
2.371779172148857029e+01
1.839378092443411816e+01
1.537969999956548683e+01
1.755685624428858205e+01
2.483681503121169243e+01
2.123164613121429767e+01
2.559688001119703316e+01
2.540355486243374727e+01
2.199811418106071770e+01
2.147438437305601511e+01
2.083996345884075296e+01
2.227635160480055987e+01
2.376293224853181840e+01
2.277644270202426213e+01
2.665556106765733446e+01
2.781580858815770441e+01
2.564828756120662945e+01
2.102251791731008623e+01
1.982808758176211938e+01
2.198879078780950636e+01
2.078054315938388896e+01
2.425133545412331770e+01
2.446820363638549267e+01
2.326149303038144822e+01
2.409259152774728108e+01
2.458240941210856789e+01
2.237928909433299651e+01
2.145139412176273197e+01
1.890644984075703050e+01
2.171573754433429926e+01
2.155961141924822044e+01
2.563230588944442800e+01
2.085097370469786782e+01
2.533861935253719011e+01
1.860887072064097936e+01
2.408090684713715746e+01
2.005815954202962814e+01
2.350237916382421588e+01
2.066943422611920056e+01
2.409494025894348823e+01
1.683792561161589418e+01
2.062824074325863677e+01
2.108748327723377969e+01
2.578355839859246146e+01
2.056438141150753296e+01
2.172612272970860658e+01
2.209297231948947982e+01
2.555106829290460979e+01
2.288555820664485196e+01
2.209313733370657218e+01
1.889179595862093564e+01
2.462020234571102506e+01
2.422452571516411624e+01
1.927171500302660334e+01
2.417453454603513308e+01
2.557917083329221697e+01
2.048557318048796105e+01
2.911373892009912367e+01
2.369318029641841150e+01
2.002060771578341658e+01
2.019747681311680410e+01
2.132930982900700556e+01
2.403304013516242676e+01
1.974354984287459658e+01
2.051433977550562204e+01
2.268468734358389227e+01
2.212176275052521390e+01
2.028224444384857250e+01
1.943856710250174302e+01
2.624372853091234248e+01
1.798660281698975183e+01
2.365075020939881512e+01
2.340589191433345917e+01
2.443236100403456490e+01
2.580796207310406487e+01
2.319265742863552759e+01
2.255257414824027151e+01
2.203410616794674937e+01
2.109139639953849610e+01
2.365141872329700234e+01
2.257801937801494319e+01
1.637386367085967720e+01
2.323557925266279156e+01
2.270761730785128663e+01
1.897066405527097288e+01
2.722322724329260879e+01
2.219823360913163057e+01
2.185380837729107029e+01
2.184020272505953031e+01
2.249741486001059698e+01
2.672253177224316190e+01
2.255004737845372631e+01
2.254472725749446838e+01
2.372020452175787142e+01
2.671319959656466736e+01
2.270850748936696561e+01
2.790413464788509401e+01
2.510059614259299821e+01
2.907222752351246342e+01
2.280875439289823348e+01
2.593204213944638781e+01
2.392619669349367584e+01
2.457906296617431963e+01
2.534769755833440286e+01
2.338212636128990241e+01
2.163639824460203087e+01
1.855997955168933444e+01
2.072330577135027596e+01
2.323224294696871439e+01
2.118860531219615595e+01
2.204318595255960744e+01
2.342423319198362819e+01
2.425280947761831030e+01
2.558883486343935232e+01
2.540191235575964868e+01
2.189246644897334093e+01
2.521615852107538913e+01
2.365819040374165994e+01
2.204949953782281824e+01
2.029203353703639223e+01
2.117606556468779289e+01
2.236045058703967925e+01
2.152419047006127428e+01
2.203389251854390807e+01
1.998743566807791439e+01
2.269845714417993676e+01
2.489924406564045611e+01
2.047462721962543242e+01
2.081651628469878546e+01
2.440885811813921791e+01
2.449577876433410850e+01
1.880453993708382043e+01
2.321891242487938456e+01
2.032363174513488602e+01
2.320205954064051568e+01
2.237788321852289997e+01
2.041756499525093815e+01
2.385916612639175582e+01
2.225465987838050808e+01
1.977920470564249200e+01
2.116813659675120718e+01
2.550845949434203064e+01
2.342674504445398398e+01
2.172724238654103601e+01
2.053622737468980830e+01
2.137866389073642281e+01
2.132494199545597269e+01
2.347016243825909143e+01
2.317448988049451941e+01
2.061742188013492694e+01
2.216589674256417553e+01
2.281630545010372302e+01
2.482384708193657019e+01
2.173084772414313903e+01
2.202055918095599552e+01
2.200334335838463318e+01
1.962245733560107297e+01
2.131602029984132685e+01
2.206945306675954299e+01
2.439332484301107584e+01
2.244671427150424847e+01
2.551766174607905313e+01
1.934633086521278855e+01
2.070114313267220396e+01
2.115063008171474124e+01
2.386003456989470806e+01
2.272382403514978932e+01
2.269462219715263274e+01
2.145210772568185220e+01
2.583654695757386222e+01
1.753922718398350966e+01
2.480091872241844086e+01
2.325365311770999455e+01
2.421059605000428760e+01
2.183628773321067840e+01
2.010296284588658011e+01
2.482471435835949336e+01
2.569770882711832982e+01
2.465810789457382768e+01
2.081757870751929929e+01
2.656255354754492970e+01
2.243132324515310572e+01
2.233982539937269607e+01
2.425411557728801526e+01
2.314582215963584488e+01
2.333534954181649468e+01
2.717796357441623911e+01
2.096431841506393567e+01
2.470428857076031193e+01
2.745396910999977180e+01
2.279467183098829253e+01
2.277818852004610406e+01
2.213630421100463863e+01
2.181117027867520974e+01
2.455601274559588276e+01
2.524687276117533585e+01
2.307514983966142097e+01
2.341426353451273101e+01
2.055311394653231005e+01
2.181590490294744811e+01
1.802557972253271146e+01
2.397285456762706346e+01
2.009979474775894559e+01
2.276887157504863879e+01
2.707859755140380997e+01
2.419155944740542452e+01
2.031204758030616375e+01
2.008428618592170878e+01
2.323471121763492420e+01
2.579635943462436032e+01
2.203782388080670174e+01
2.313743808328229790e+01
2.452386070344610758e+01
2.725381412152702154e+01
2.372521215339286016e+01
1.894890414987541050e+01
1.786271503043569808e+01
2.926638163145169358e+01
2.534494540963406450e+01
2.664702827920592654e+01
2.274286927467185038e+01
2.099762297356880580e+01
2.281329216933590587e+01
1.998091524117208806e+01
2.606946138696611470e+01
2.003325431058215500e+01
2.124679259466957504e+01
2.284033541712723903e+01
2.125895317327939793e+01
2.681817861462534225e+01
2.065537103675748654e+01
2.421862331819129110e+01
2.558356737848868079e+01
2.572631049303568673e+01
2.396228328380406936e+01
2.241166214847617510e+01
2.238672239730260927e+01
2.157630394836008847e+01
2.352250793751709779e+01
1.939966097391372912e+01
2.432724210699088019e+01
2.457704915724544747e+01
2.024502021310359723e+01
2.395906768950930044e+01
2.095653978589373523e+01
2.317565974105064086e+01
2.248140220225622343e+01
2.185167987520675581e+01
2.426311660177860574e+01
2.717623462451657446e+01
2.425649514080667046e+01
2.009457149177251267e+01
2.381056209962380521e+01
2.238454881864232249e+01
2.316910769720250585e+01
2.361889813070684241e+01
2.419380186265494004e+01
2.587414213064899116e+01
2.239441188280487083e+01
1.869277518783060543e+01
2.402802725862094846e+01
2.349524598303918665e+01
2.283476358239178339e+01
2.468406602313529064e+01
2.345505417083028732e+01
2.185740940061942794e+01
2.151121219970699627e+01
1.872984520331358738e+01
3.013172985288859351e+01
2.178615180088923609e+01
2.318944319726761094e+01
2.075014684596439807e+01
2.108733582635113990e+01
1.725073755362636163e+01
2.276165422889119228e+01
2.464837799805802732e+01
2.396376779715323480e+01
1.779700501076267827e+01
2.499389640913348742e+01
2.471607753443367628e+01
2.088329757580014956e+01
2.419329977180766278e+01
2.148116123428481572e+01
2.409236637778936441e+01
2.463288714251460831e+01
2.084721737220673887e+01
2.657831397770392812e+01
2.453126393369050717e+01
2.053718180448602482e+01
2.123938168722412811e+01
2.815186832591217936e+01
2.576863450413913981e+01
2.291037082692035298e+01
2.173558365549137861e+01
2.034221414197288169e+01
1.980251815016016437e+01
2.170172441581404499e+01
2.457668499549867747e+01
1.763510300632176353e+01
2.359526808661760100e+01
2.185565661132079995e+01
2.016664105007429697e+01
2.283158123249678439e+01
2.181098939327871733e+01
2.435377465198845215e+01
2.067804156552062622e+01
2.363019906871846842e+01
1.912536260282585943e+01
2.157614786177979127e+01
2.210414846358814955e+01
2.401624592140980496e+01
2.146342510268583226e+01
2.042453333266157856e+01
2.279601999217473463e+01
2.197243496659083561e+01
2.386451421851025501e+01
2.458218805326898604e+01
2.431971741543314991e+01
2.271070227622842097e+01
2.169044209698473225e+01
1.837788452448377896e+01
2.604071517382196177e+01
2.044460296791393716e+01
2.006307078178262415e+01
2.253886438589141505e+01
2.417726158327168307e+01
2.617755669405452679e+01
2.556596642960127141e+01
2.167998885105410167e+01
2.490010073162953930e+01
2.304773013550879313e+01
2.276134395932037791e+01
2.579821948853767921e+01
2.224786413298391352e+01
2.438680562084912751e+01
2.144598827355882875e+01
2.178897763030906276e+01
2.434468035313282641e+01
2.337176570693904765e+01
1.863513041081107602e+01
2.139461086669178869e+01
2.449708467992429206e+01
2.456731985044215349e+01
2.765253422532664018e+01
1.912645090401991155e+01
2.021788215264572131e+01
2.258826646301331920e+01
2.859668500641021183e+01
2.704917974138796666e+01
2.466997728380994914e+01
2.077931830147323211e+01
2.241112453094369528e+01
1.965437755557844213e+01
2.174797021715469114e+01
2.159359936370537980e+01
2.243536251713252483e+01
1.954726922113801990e+01
2.224330311760241941e+01
2.132645685014913539e+01
2.449145499088542977e+01
2.603326473997034185e+01
2.475248671308732185e+01
2.426095263691825110e+01
2.397812216649719019e+01
2.617046197238475713e+01
2.291959364359552254e+01
2.534342373805120729e+01
2.429740760536018129e+01
2.588653157540268168e+01
2.104112903365467702e+01
2.548851588508713917e+01
2.809850278082606323e+01
2.526474854939106152e+01
2.419399117299436597e+01
2.500329830542718668e+01
2.267828116318769816e+01
2.265048744843451090e+01
2.378064952826223077e+01
2.240755132065918787e+01
1.900394920778349928e+01
2.383373883916797098e+01
2.527781225642604568e+01
2.230853279489659968e+01
1.886012819387004669e+01
2.550211852927246525e+01
2.698273784358504912e+01
2.128201198502454261e+01
1.979611243532204412e+01
1.975797021723929348e+01
2.491661320429265203e+01
2.492245376211663554e+01
2.478466180092096494e+01
2.249240147660576383e+01
2.414763305053750742e+01
2.344042630759846446e+01
2.412319921013427404e+01
1.942996183850816294e+01
2.176940644256421109e+01
2.182631176717760724e+01
2.017069688439265818e+01
2.398765443296790423e+01
2.278570904246848272e+01
2.226093526655329669e+01
2.374717697327285038e+01
2.307859280718934158e+01
2.550432454827627637e+01
2.283375819054906941e+01
2.161859603408444386e+01
2.332951725497487772e+01
2.388697224338152125e+01
1.894040270317154651e+01
1.959883577411996569e+01
2.265055632147324260e+01
2.237629165233676787e+01
2.410641509624258916e+01
2.205622745733046486e+01
2.453883695683154897e+01
2.694247301484615775e+01
2.047621997953917017e+01
2.368582338262060816e+01
2.671882728709284649e+01
2.008341772400146041e+01
2.006930329869601337e+01
2.230430590616871811e+01
2.196496350876081749e+01
2.141180079100192657e+01
2.460080901848382950e+01
2.215208622700881236e+01
2.287513880949969192e+01
2.206612103317148410e+01
2.573580897325066275e+01
2.124644786515589701e+01
1.986537318298398702e+01
2.415726253767227050e+01
2.780929146855189416e+01
2.514064876250485980e+01
2.325631218034768466e+01
2.227380644361545592e+01
2.290790853175075270e+01
2.056827644170030212e+01
2.274741760158649839e+01
1.950571037605146074e+01
1.943849224885724780e+01
2.129484069171677874e+01
2.072068901007104458e+01
1.992100399249454767e+01
2.124771421652688730e+01
2.552071868390036968e+01
2.411688838827185677e+01
2.230914649961579954e+01
1.940103013413536814e+01
2.486308476832551762e+01
2.044959428057920192e+01
2.628887328593495454e+01
2.228309795091751511e+01
2.273256640232658299e+01
2.429593956415341793e+01
2.310300081130156258e+01
1.965475455503053226e+01
2.813232087841045370e+01
2.353206777959827534e+01
2.483026855767877450e+01
2.044027470546772918e+01
2.090204066024673679e+01
2.421727066109000859e+01
2.069290984476527484e+01
1.965880122683365627e+01
2.516784370081418487e+01
1.939150555066417780e+01
2.089622851187199970e+01
2.300879934694208728e+01
1.995790911053357064e+01
2.138177845618001527e+01
2.229580515260562734e+01
2.167995911557592947e+01
2.511178138649164282e+01
2.293391086247581612e+01
2.642141480751773486e+01
2.306849244261421816e+01
2.688673315558580157e+01
2.578186098463821452e+01
2.277186236476461900e+01
2.565986015148404320e+01
1.913938941252314052e+01
2.260787624909096749e+01
1.921184241812243698e+01
1.965407668458482604e+01
2.060029589769433755e+01
1.865779198769057601e+01
1.968392011782560758e+01
2.214928489048431715e+01
2.418115446641223087e+01
2.104087292369252182e+01
2.271217900237378728e+01
2.240511145175929997e+01
2.630981128872586794e+01
2.053046637104168326e+01
2.165502322824989179e+01
2.538471197474849461e+01
2.203537097130152134e+01
2.247857353805878233e+01
2.080108830882347704e+01
2.247956508148191546e+01
2.497412493583317072e+01
2.373780207254450403e+01
2.403071542059967314e+01
2.099508439494990597e+01
2.203006611260630621e+01
2.240963097711373564e+01
2.243707601994228895e+01
2.540579483816605588e+01
2.318549557935786964e+01
2.268412158884807184e+01
2.927482217938777254e+01
2.714563832710317826e+01
2.018820859656372591e+01
2.492839745029599285e+01
2.216522305277858962e+01
2.768857908042200577e+01
2.336214565052481618e+01
2.109731288227710522e+01
1.847269145529410750e+01
2.328425832846745891e+01
2.508651316449723012e+01
2.312136705466805608e+01
2.304875439709454099e+01
2.251123642496104083e+01
2.508702308298855144e+01
2.494611959254664058e+01
1.991685637092707140e+01
2.475976951306210694e+01
2.382935969941342691e+01
1.967672648001992286e+01
2.430076226321880739e+01
2.617785240112777601e+01
2.672778969192475529e+01
2.384725587861617058e+01
2.153337674090612452e+01
2.055889041661359684e+01
1.946805734377700858e+01
2.244916555625523102e+01
1.818301278541620292e+01
2.014598213561608375e+01
2.406886174739847917e+01
2.142367921520137841e+01
2.240708543673230224e+01
2.334471490717697151e+01
2.227035068847206745e+01
2.927477351985391607e+01
2.111501839135684833e+01
2.290210863813852882e+01
2.248981795092084113e+01
2.396866368016396009e+01
2.315232514366378780e+01
2.245336227964937237e+01
2.468830276857730865e+01
2.341173027331259604e+01
2.182319927985272656e+01
2.441805764298530690e+01
2.450172635931479803e+01
2.306704255958523930e+01
2.438260466101259993e+01
2.506451825096416641e+01
2.301527288134347060e+01
2.472758351917608266e+01
2.204524344954952753e+01
2.055300618525301459e+01
2.290864766980278588e+01
2.062325088752152880e+01
2.012235678319927246e+01
2.282732448645311862e+01
2.550662714215811633e+01
2.362008334248815089e+01
2.658209826315006552e+01
2.224615280807735473e+01
2.307010339802039312e+01
1.861350601620772949e+01
2.483551345890473527e+01
2.513381682243776538e+01
2.812040171722449955e+01
2.292495337324027460e+01
2.467899819364715697e+01
2.353860232296327837e+01
2.178492584246212260e+01
2.376679170135226826e+01
2.236878982294890861e+01
2.085942779243247358e+01
2.361940464066117684e+01
2.097323591257841002e+01
2.187406390307166859e+01
2.393923727486783548e+01
2.198799510851931771e+01
2.261726367335507959e+01
2.204483266360795213e+01
2.102663749086510592e+01
2.444270599786447562e+01
2.167778968353080415e+01
2.435082617369414493e+01
2.318544800890862589e+01
2.418819367095022344e+01
1.798808575445677604e+01
2.314305813961156488e+01
2.259089000367531597e+01
2.247573511117425582e+01
2.260884025399766983e+01
2.144603419336684169e+01
2.659067708734671243e+01
2.141588442231291722e+01
2.221938241554703808e+01
2.253072905915669111e+01
1.997757714990929401e+01
2.098867230093253156e+01
2.662444796440634320e+01
2.301273934030086465e+01
2.024257132643091239e+01
2.179206488612397408e+01
2.139485718532069924e+01
2.129367118837704709e+01
2.477817778226981460e+01
2.176674099523382466e+01
1.977195914184136427e+01
2.092135973440401742e+01
1.995914806921714302e+01
2.420535625851528039e+01
2.403970539788109662e+01
2.435090925784399118e+01
2.410697504863078677e+01
2.206594104728079131e+01
1.854848513541736210e+01
2.359235610347901968e+01
2.264652072178650499e+01
1.639414236442013717e+01
2.163058148879100528e+01
1.988383896114723726e+01
2.263742181255486585e+01
2.047927102557582657e+01
2.407638272774292787e+01
2.276292639433727416e+01
2.579958370376527199e+01
2.156823292948145010e+01
2.244439654837597331e+01
2.064774645019131682e+01
2.363851787039150310e+01
2.501177302009847381e+01
2.119526791594646298e+01
2.169465376866121886e+01
1.983658013907196604e+01
2.098458890785790132e+01
2.262393255825705296e+01
2.427664241901612385e+01
2.303246885086172924e+01
2.166359802631432885e+01
2.691875759143955449e+01
2.165227942679516815e+01
1.976529890906007125e+01
2.666399201255595841e+01
2.026813753985454269e+01
2.534892539584002691e+01
2.549259044243194694e+01
2.524365182331635182e+01
2.171607244848384966e+01
2.906422492910443722e+01
2.119560439721474410e+01
2.304314435838435671e+01
2.172819922890392519e+01
2.359517804397620466e+01
2.154447208611588849e+01
2.267960780432578360e+01
2.340513126268919208e+01
2.776931268483399151e+01
2.346242840506308269e+01
2.390530201150717104e+01
2.428873909501776751e+01
2.041286913691458338e+01
2.354273494669617861e+01
2.334578888260320539e+01
2.155256544613554581e+01
2.624470047999787425e+01
2.539598268189837782e+01
2.241794218826590779e+01
1.986624249569839051e+01
2.162586124656474595e+01
2.472149293489338007e+01
2.217582652000200483e+01
2.573840644866416838e+01
2.377905456299114562e+01
1.997802226274944459e+01
2.073999655308202250e+01
2.320473494091469391e+01
2.277249903236294060e+01
2.093273243149753071e+01
2.227011916940656988e+01
2.227423387007121747e+01
2.131797870887080393e+01
2.057987436087233135e+01
2.362834804087257723e+01
2.234420995867385074e+01
1.572445997192677858e+01
2.081759053053455588e+01
2.002136520317516499e+01
2.968861469406449061e+01
2.204910261674023531e+01
2.188963305518773339e+01
2.474105502918640909e+01
2.300020336792138309e+01
2.668698992948450766e+01
2.044043177119750254e+01
2.687327050293124486e+01
1.894137592209182586e+01
2.475080310872642642e+01
2.757806951697329012e+01
2.126907008683977551e+01
2.372218238335484841e+01
2.597595265316160607e+01
2.352878176659552878e+01
2.012413666695945125e+01
2.379616435458252610e+01
1.994460280587064815e+01
2.260080687995831283e+01
2.402115856593101739e+01
2.618442666393266904e+01
2.103649357362770189e+01
2.345822634136744256e+01
2.278905114106512642e+01
2.306199319090991651e+01
2.270840263655629343e+01
1.932209163619888059e+01
2.058035860199140998e+01
2.465656769333111242e+01
2.265271488181997483e+01
2.785621858972564624e+01
2.459229628619953090e+01
2.094512031868270796e+01
2.318107448009379823e+01
2.467310350966473109e+01
2.157804523752888670e+01
2.383061265014535479e+01
1.779146417896207311e+01
2.573588018011434642e+01
1.790800822496063205e+01
2.627111200368666744e+01
2.708506949845148171e+01
2.074156492179916356e+01
1.820022609146591464e+01
2.089379361814468794e+01
2.130506468502493433e+01
1.905639022590612086e+01
2.400546432790702411e+01
2.610422094953379712e+01
2.449716740651964386e+01
2.407592932317189849e+01
2.263613875938219522e+01
2.247495578738764266e+01
2.173144206653744348e+01
2.507352184916825166e+01
2.479522605664210744e+01
2.552586437573771860e+01
2.476190245360892561e+01
2.381279276444517379e+01
2.088604961448891117e+01
2.163331657385574047e+01
2.474220020391707209e+01
2.442225293438874445e+01
2.266665096839299309e+01
2.422805066374870009e+01
2.312630438536490729e+01
2.316250434113804246e+01
2.740374755523124861e+01
1.990777352910156850e+01
2.404138965099000913e+01
2.116352359369721370e+01
2.082841389458992865e+01
2.098529760706169256e+01
2.096792177621595243e+01
2.439826821202924734e+01
2.185034352535278046e+01
2.622234510473789371e+01
2.156372872685057374e+01
2.439023263986702972e+01
2.324214819063938364e+01
2.321593457926821102e+01
2.739407562394375617e+01
2.152487981999138000e+01
2.573576436305218351e+01
2.562194131851506640e+01
2.479318269522360296e+01
2.310890982371251212e+01
2.211449868837174293e+01
2.542858578829264715e+01
1.950707565050249670e+01
2.055944747002529027e+01
2.119185312855802295e+01
1.961881160452844242e+01
2.211179398921117212e+01
1.967752187109111972e+01
2.338174653481311438e+01
2.590725795523156805e+01
2.105998793141502645e+01
1.888111394599403781e+01
2.429106228275836088e+01
2.417135415091431128e+01
2.308107112853377529e+01
1.911416374505727589e+01
2.066707871504084437e+01
2.382304087723137798e+01
2.112981852123418491e+01
2.448679279129392228e+01
2.035000359508282841e+01
2.104826282437455021e+01
2.096378888816822439e+01
2.235488766241157421e+01
2.245152561242448996e+01
1.992046241370969284e+01
2.490488736288575566e+01
2.506707934967421991e+01
2.172874051163942966e+01
2.281476735293369629e+01
2.073313758314289501e+01
2.075443155695080577e+01
1.997296351015654636e+01
1.954879968022744308e+01
2.066049310646032922e+01
2.372772407175250109e+01
2.432042386179731608e+01
2.330120598377319041e+01
2.245561162792015608e+01
2.415015528864242711e+01
1.803393319363053493e+01
2.200665714745252544e+01
2.257099009464679185e+01
1.986936945712136193e+01
2.659207280729031453e+01
2.032574711582907412e+01
1.994059888123515023e+01
1.723658166862999153e+01
2.408255730219554991e+01
1.873230403994569926e+01
2.163651494364548711e+01
2.143002578788205525e+01
2.123078019448175624e+01
2.122976463997873608e+01
2.138920157183386905e+01
2.394227346912064647e+01
2.164186152499365434e+01
2.584932458280327694e+01
2.246027496914352639e+01
2.137635017469427368e+01
2.032776102752855607e+01
2.291290188956541485e+01
2.235908325246952799e+01
2.261248493163850881e+01
2.465604765853074554e+01
2.314378862013997562e+01
2.378963357107556575e+01
2.076072585808267590e+01
2.379255522489253849e+01
1.840289822660108143e+01
2.546054771779954251e+01
2.269492966435898040e+01
2.502829986882039037e+01
2.769522876178987758e+01
2.106912904380605767e+01
2.172305819497527324e+01
2.138390878741200041e+01
2.437303589644230328e+01
2.260913620298017790e+01
2.551394007538693032e+01
2.038970651080948215e+01
2.148965778923820125e+01
2.315109049738825320e+01
2.019556462525737217e+01
2.402832889535832805e+01
2.671953029777458255e+01
2.764389312921706576e+01
2.388121148765803170e+01
1.862433087400533793e+01
2.453966593563078646e+01
1.969516462805837165e+01
2.742543367977163271e+01
2.228039802711376183e+01
2.383125725455035848e+01
2.268536179421587562e+01
2.250889731433022334e+01
2.172501594545392223e+01
2.103882076526039313e+01
2.251886914800203243e+01
2.203062557060638582e+01
2.170590424024847209e+01
2.694218571131806073e+01
2.179801444531032928e+01
2.845928156209999571e+01
2.139856611674234443e+01
2.440896528393385978e+01
2.337557114413018411e+01
2.075807103682763000e+01
2.158159279535965069e+01
2.494875352635824584e+01
