2.565928266461259355e+01
2.808967418357075374e+01
2.421585496934650905e+01
2.470178743760030571e+01
2.231204341873402441e+01
2.459022335517106939e+01
2.351670095012924122e+01
2.564964108153437294e+01
2.254678203466880149e+01
2.036774401692386505e+01
2.064225803256703884e+01
2.345449632707797960e+01
2.572351539050000468e+01
2.304688810358427276e+01
2.429971094948739818e+01
2.188029464052149820e+01
2.426848000399380112e+01
2.771450677802176088e+01
2.260906894316384097e+01
2.252618880864070050e+01
2.058907215933305679e+01
2.386103705038238232e+01
2.614916063690893466e+01
2.099597274393178736e+01
1.999931209743907345e+01
2.122738818026233076e+01
2.298202877909383091e+01
2.633500123081545397e+01
2.547075322882549386e+01
2.382265455253179454e+01
2.501415835067611582e+01
2.164168076890697279e+01
2.085997900085681778e+01
2.313994882252004004e+01
2.246445010932632513e+01
2.138222877853771564e+01
2.482570709746203264e+01
2.513108415266281526e+01
2.474785805652102866e+01
2.382451263808715325e+01
2.175587399600862071e+01
2.619530023507828531e+01
2.434249422523572193e+01
2.373526930077353470e+01
2.420516802966089998e+01
2.369568559857631840e+01
2.335228659068120294e+01
2.136663801591058842e+01
2.543606689970185997e+01
1.891917234969914929e+01
2.308488184626397555e+01
2.314476972715980096e+01
2.405491588956477855e+01
2.031523066476836448e+01
2.114196707425780630e+01
2.381651055907792269e+01
2.226205399168832244e+01
2.539284356734932047e+01
2.389947268489346044e+01
2.253996358916259268e+01
2.548200548943096777e+01
2.186959258073560264e+01
2.240994332504596542e+01
2.051214071681060602e+01
2.484309018821079462e+01
2.179000340708831729e+01
2.519143184617752951e+01
2.221350767417709804e+01
2.343357566741489961e+01
2.097440087166949496e+01
2.124144925727225797e+01
2.395982224238241898e+01
2.023443620951972477e+01
2.098167495318296361e+01
2.509584352763294746e+01
2.051034168306647132e+01
2.143853534619436374e+01
2.490259732677393600e+01
2.358258821345597056e+01
2.413973974765379893e+01
2.491474953517003144e+01
2.445189145796865660e+01
2.071440717303471502e+01
2.587897701945395923e+01
2.479411778061086480e+01
2.308087997335513109e+01
2.149322073154623780e+01
2.389671516876472879e+01
1.953546375775643185e+01
2.091467829589435112e+01
2.231827130175357610e+01
2.055999530121231444e+01
2.246459730606054350e+01
2.437212121376656881e+01
1.890012459857219440e+01
2.333660685135969359e+01
2.174049003204199337e+01
2.514593302947855591e+01
2.172144157700718736e+01
2.155586698626325415e+01
2.157966212310630993e+01
2.556948930594256808e+01
1.864627172279481471e+01
2.560892014999625488e+01
2.009343451409127823e+01
1.621932530046823473e+01
1.918217609648906574e+01
2.468858529728871076e+01
2.212200301815691361e+01
2.532611721158260210e+01
2.466572032713502693e+01
2.209469623706484853e+01
2.021492278722663372e+01
2.132508500246502336e+01
2.152412199495155321e+01
2.409766025602113260e+01
2.494822920952693224e+01
2.312696847330913386e+01
2.225095390493367020e+01
2.496532557630404625e+01
2.377659527168809106e+01
1.945634317389109569e+01
2.148548746997816750e+01
2.071917275607103548e+01
2.179461936311500736e+01
2.915503167808309470e+01
2.007181924403704798e+01
2.236448502115578663e+01
2.603812302382745614e+01
2.101235101963643359e+01
2.295259244565407286e+01
2.070165398266432177e+01
1.948453222563668064e+01
2.458463570355269567e+01
2.471693385005248444e+01
2.385854456703040327e+01
2.244842275531657805e+01
1.983792765695456239e+01
2.182968113418613498e+01
2.399407938254896777e+01
2.283742665934098781e+01
2.185468378528394950e+01
2.184008324531297518e+01
1.992934705225671976e+01
2.244291631293720357e+01
2.254146613611505856e+01
2.267407289173363338e+01
2.244467242624435244e+01
2.288936492739988182e+01
2.322517277958313997e+01
2.713181833942717702e+01
2.321485046849381462e+01
2.123214169677711283e+01
2.304977224623037912e+01
2.312718663819434539e+01
2.444421455326636661e+01
2.229137742004866141e+01
2.458726988632082922e+01
2.467217004570009564e+01
2.180928342673701792e+01
2.747013220506361364e+01
2.526482805044514635e+01
2.097483393856098743e+01
1.887109910304513605e+01
1.819632552365341738e+01
2.414474550911740280e+01
2.024208828032326224e+01
2.249956971023768304e+01
2.210087607527134779e+01
2.262690400664643064e+01
2.196605467187880478e+01
2.152483465651026862e+01
2.509365752412456274e+01
2.173147418549334731e+01
2.191343588365005246e+01
2.345120944137312691e+01
2.301931167476804063e+01
2.771554852822055892e+01
2.339703710204154063e+01
2.396458747105847564e+01
2.254089832303158403e+01
2.354842808846397872e+01
2.267687587072527222e+01
2.091544645269597069e+01
1.873817225518884655e+01
2.042231451325568869e+01
2.122243065039590704e+01
2.296444159724897816e+01
2.480965367505608654e+01
2.445474084614280841e+01
2.240863834129183374e+01
2.668127733613293273e+01
2.283303673744955020e+01
2.533204135519192945e+01
2.540973402245719015e+01
2.155209713828573470e+01
2.162282236950247238e+01
2.555128965881142733e+01
2.319983036701595580e+01
2.513928917687459830e+01
2.499190605489813066e+01
2.536661191592821751e+01
2.117889801801368677e+01
2.084867107221521110e+01
2.473214481691815081e+01
2.448276809976341895e+01
2.285452669819832394e+01
2.643968152144024941e+01
2.271667594750338282e+01
2.174666078003575720e+01
1.905155957306358516e+01
2.697730834000969935e+01
2.357225242936451437e+01
2.203054051287204018e+01
2.000683938962465191e+01
2.294660372520299774e+01
2.468581688900594173e+01
2.480716555881234342e+01
2.451096802712309852e+01
2.425903591861399278e+01
2.272816632506014400e+01
2.250652589190905317e+01
2.206569374780026038e+01
2.123752595016789613e+01
2.075694272724291878e+01
2.059132871306185564e+01
2.153394184098441499e+01
2.168928486623944352e+01
2.044599559116391063e+01
2.255864794526013029e+01
2.183192090567785471e+01
2.279927193255295492e+01
2.570985653594651765e+01
2.309023389889425459e+01
2.264359441500721459e+01
2.066151489804869357e+01
2.159148485421005859e+01
2.150577149532916721e+01
2.413177807982846090e+01
2.180461149018933398e+01
2.601455465161112812e+01
2.342521902683353119e+01
2.269413022306693506e+01
2.283457976895547858e+01
2.543987990502884955e+01
2.337682126009016415e+01
2.013123485856319306e+01
2.103823638631591919e+01
2.224039864486671547e+01
2.099051600276783702e+01
2.231736524676722411e+01
2.493801785625255008e+01
2.339503862485154784e+01
2.017255731864767299e+01
2.300140044930866168e+01
2.579708703129346858e+01
2.422405731874232870e+01
2.520360614850983083e+01
1.999530299511145870e+01
2.274304023084826198e+01
2.012096047086406614e+01
2.277960604569606318e+01
2.389094804242864356e+01
2.226183015902946494e+01
2.191807370131736477e+01
1.965097405710164935e+01
2.140356268965912179e+01
2.166921530275379837e+01
2.437634804251764464e+01
2.257512302091383916e+01
2.137239538070775069e+01
2.131734734923224295e+01
2.482109847223759758e+01
1.933152389756995149e+01
2.268229045864931592e+01
2.189654438853859375e+01
2.111766348380435332e+01
2.253967492282691509e+01
2.219622247720937835e+01
2.151091101129415861e+01
2.574226798564073349e+01
2.512059810180516095e+01
2.188850137743411395e+01
2.488918380010439790e+01
2.280973459265900516e+01
2.453476921192590865e+01
2.264238037201399578e+01
2.409857401900626783e+01
2.242845844436538627e+01
2.773488298965566656e+01
2.293444412513688491e+01
2.186331675411807041e+01
2.697208333526130986e+01
2.321650450664287391e+01
2.405527386838351234e+01
2.326256589520912144e+01
2.178258838565163558e+01
2.461479701388516261e+01
2.344686152423866687e+01
2.269973448485153256e+01
2.135003031034687382e+01
2.071107410032328389e+01
2.135024519057023085e+01
1.988459337903098145e+01
2.385953656123382416e+01
1.968815853448711906e+01
2.225829079267082378e+01
2.753264329138138322e+01
2.048684659175581046e+01
1.861620351431514564e+01
1.784216824618275510e+01
2.288611593299079416e+01
2.483244910336076927e+01
2.157836478280765391e+01
2.242970630318971814e+01
2.275355023937828847e+01
2.737117340561488987e+01
2.754090341112852514e+01
2.224839810162774256e+01
1.614314548021397400e+01
2.661102525031402521e+01
2.737774015501791069e+01
2.422831609202405900e+01
2.435966288926987033e+01
2.203239525940110966e+01
2.001932160933627358e+01
2.100453948758070055e+01
2.459420357999022144e+01
2.254026954304499242e+01
2.113518765811804556e+01
2.439274675525416214e+01
1.942133588820215095e+01
2.261896403191223115e+01
2.005425871292774431e+01
2.628508090909533124e+01
2.535958912016466726e+01
2.604940733190737134e+01
2.431804883655290439e+01
2.560735425977442148e+01
2.178144545732033066e+01
2.568265363420008285e+01
2.527440917268316767e+01
1.985123950116082270e+01
2.485482625356854314e+01
2.215140885985647401e+01
2.099705622783161374e+01
2.290350654427557586e+01
2.027955284230528932e+01
2.147666024692267683e+01
2.221021242431968190e+01
2.445465251421728325e+01
2.363065591926906706e+01
2.539703430217132762e+01
2.368069090341939997e+01
2.078437262462147928e+01
2.254573332728396551e+01
2.478448406525143710e+01
2.312314059356805274e+01
1.807700676235709736e+01
2.476312996031624891e+01
2.630686055517931621e+01
2.283395941047725941e+01
1.701109513260706407e+01
2.430565050773525826e+01
2.287514893625867174e+01
2.318030740617859564e+01
2.549161328995865006e+01
2.338419921300228310e+01
2.047781853846155542e+01
2.275619389051362518e+01
2.066688075810819214e+01
2.653731714927451790e+01
2.314736841809996193e+01
2.086982481186691984e+01
2.224612517448345983e+01
2.178970950192566391e+01
1.926278866687612989e+01
2.139420794617034716e+01
2.221534368221604083e+01
2.472964729622791324e+01
2.051077414435765434e+01
2.408772732604981215e+01
2.505576126966898798e+01
2.234224566595221972e+01
2.266141127490555718e+01
1.853703883194515001e+01
2.521159801249395827e+01
2.415013617218495057e+01
2.268762698361630470e+01
2.258983871880693073e+01
2.433983495751411752e+01
1.991308304318958733e+01
2.513348335349679985e+01
2.554907483805062185e+01
2.546917648933968081e+01
2.139281349975920321e+01
2.235726054712950628e+01
2.257279868098674669e+01
1.943009797897193280e+01
2.483541434680004301e+01
2.528728894264263971e+01
2.249909944837487075e+01
2.140924632004876216e+01
2.060331322253728814e+01
2.159915413751377500e+01
2.175414561392538104e+01
2.191220707613088692e+01
2.293726920261146773e+01
2.144325210473896703e+01
1.970306932475785189e+01
2.261317228757685527e+01
2.256901555747806043e+01
2.246530779364804786e+01
2.196979793588336349e+01
2.146787600396506690e+01
2.102974903658762429e+01
2.061672594678161374e+01
2.323772149978447032e+01
2.341622163709675419e+01
2.463992322110305722e+01
2.608737417557661686e+01
2.191260756800048881e+01
2.119969953099253601e+01
2.156539172438464647e+01
2.318147182771108561e+01
2.023691838574351110e+01
1.989092064645852176e+01
2.396508300180830631e+01
2.243885629077631449e+01
2.669911547900059645e+01
2.053116712507405950e+01
2.395155214027900215e+01
2.370134391593520107e+01
2.479480119585430842e+01
1.983267015489913376e+01
2.301617296192960893e+01
2.023283331493054860e+01
2.419278378922069095e+01
1.964856133002427896e+01
2.029497983075568612e+01
2.292547380889156372e+01
2.164580626560187682e+01
2.170227899915091996e+01
2.056795301720303115e+01
2.424785474351044101e+01
2.295544248739435034e+01
2.773497560974871234e+01
2.267806472365752768e+01
2.142197979228835081e+01
2.186579317063751304e+01
2.586468255269442196e+01
2.476946244304550859e+01
2.504601014532043379e+01
2.232584181771039766e+01
2.158361487332507167e+01
2.398762398260453210e+01
2.158301507832722166e+01
2.290155069776257690e+01
2.065829628132131646e+01
1.956020755397812039e+01
2.242017332276181563e+01
2.165763002499925349e+01
2.380163003829959933e+01
2.524430458115358178e+01
2.473936365528598458e+01
2.271655607365703489e+01
2.148335845847543979e+01
2.526162205480179423e+01
2.219770046619341031e+01
2.463050712814099441e+01
2.138459321697877158e+01
2.507508062351045197e+01
2.250222549931773486e+01
2.511797444259021361e+01
2.825877730204329197e+01
2.234627073649124540e+01
2.348119141685051758e+01
2.662448917811363458e+01
2.217802643090295689e+01
2.107222746761685528e+01
2.328665101298084394e+01
2.404039115930248016e+01
2.202567478374076160e+01
2.344433382673508248e+01
2.312916936419942715e+01
2.161068941918427200e+01
1.762487731144439351e+01
2.484959930748695456e+01
2.462059421043058549e+01
1.948030884163003407e+01
2.267322249795379108e+01
2.494274192165303106e+01
2.212249273855563203e+01
2.625415682918551852e+01
2.168471421143415157e+01
1.844776106837669971e+01
2.428011225387042060e+01
2.190633294037637668e+01
2.420346110124174999e+01
2.002869725249013655e+01
2.213967256694920493e+01
2.296356634983773048e+01
2.012828034630064167e+01
2.369950099394513998e+01
2.467967258963872013e+01
2.389284062320114543e+01
2.316601540802695069e+01
2.240709038887528948e+01
2.344619728226088995e+01
2.085709439062793891e+01
2.120220111678415975e+01
2.428804843005933733e+01
2.254520100528255355e+01
1.882096722490182117e+01
2.021262009715121266e+01
2.163025100805509737e+01
2.000017062873811824e+01
2.282437205962859395e+01
1.933805600561944971e+01
2.414261583962222346e+01
2.692099238319688581e+01
2.193480145601972708e+01
2.405115589942770526e+01
2.283814750018080630e+01
2.203690710854244017e+01
2.373746319738338428e+01
2.297103078541566745e+01
2.273242802689730979e+01
2.136871775473682433e+01
2.611189874182969106e+01
2.133036875006840916e+01
2.236371920275323433e+01
2.371640678206692243e+01
2.166853446127270644e+01
2.363115320179352352e+01
2.054603510477719652e+01
2.248445788057970063e+01
2.449868996630746310e+01
2.426362634763482262e+01
2.304199351370856874e+01
2.125352072161662775e+01
2.216846148362127167e+01
2.141794384363350545e+01
2.347553689163149926e+01
2.158738598474973358e+01
2.068648778909427577e+01
2.193593521224460474e+01
2.128047545901970494e+01
2.160069514050908168e+01
2.057303841709057934e+01
2.229762516705626041e+01
2.561899954849780059e+01
1.976371712499943456e+01
2.065019355817832647e+01
2.561506622076776907e+01
2.172855970716816643e+01
2.538360871389965823e+01
2.145141864733815495e+01
2.076765373900236256e+01
2.337481981300415157e+01
2.131623380385267197e+01
2.122360250502706336e+01
2.786622239598625939e+01
2.132463237780097032e+01
2.281072116161516661e+01
1.945766874460383633e+01
2.247316679411069629e+01
1.882811136158671772e+01
2.101973863551144106e+01
2.031130869191999366e+01
2.296760110821247380e+01
2.244258904785303699e+01
2.136869183222398760e+01
2.494152189411443743e+01
2.313188367112675436e+01
2.154980224924792509e+01
2.388444232953471769e+01
2.391496712366026500e+01
2.401332242357737101e+01
2.531780068374804316e+01
2.879833439836836106e+01
2.117399249017345397e+01
2.525718011695527920e+01
2.405737231860272374e+01
2.384116936903789608e+01
2.412289179650790416e+01
2.154430431648209776e+01
2.216693872402545651e+01
2.093019361573610482e+01
2.334697259496181942e+01
2.372219351043239399e+01
2.243669659724759313e+01
2.148046625190326253e+01
2.326444301751748966e+01
2.614653331328764807e+01
2.106680884954352706e+01
2.228776064547678004e+01
2.206298071513863945e+01
2.606542818310738951e+01
2.334082471978685192e+01
2.120914571859792019e+01
2.558979624221249338e+01
2.077584091992433812e+01
2.123052062881610524e+01
2.231691338509441280e+01
2.407177775187152946e+01
2.385576331287221663e+01
2.148273805910869072e+01
2.351220089517881817e+01
2.161473550175733394e+01
2.147553727475087371e+01
2.481396705565757799e+01
2.208906985036733772e+01
2.547799205845346293e+01
2.276179400755579252e+01
2.274838203899590283e+01
2.614784076497047849e+01
2.809293308984035420e+01
2.160500786226825198e+01
2.167632739332580272e+01
2.284094609800873954e+01
2.471135139272524484e+01
2.151513775564282582e+01
2.034710432667865021e+01
1.990370618736978159e+01
2.420005808204558662e+01
2.392694180450858354e+01
2.688443062415896634e+01
1.959699339997014533e+01
2.088630823972911088e+01
2.428291109193147790e+01
2.528215959999655027e+01
1.954217228204426249e+01
2.370387681030966576e+01
2.153835976448770850e+01
2.070228960955894948e+01
2.468045203355793404e+01
2.428720912575202107e+01
2.361031104265554958e+01
2.315525126500038056e+01
2.041344852852429526e+01
2.200166331504659922e+01
1.967778001589676151e+01
1.981775443507327950e+01
2.156515762076559284e+01
2.215515822840416860e+01
2.566599946920037212e+01
2.230246594655947945e+01
2.400251535922440382e+01
2.360751692370012123e+01
2.487712965111209940e+01
2.640297178986061510e+01
2.051539098226558622e+01
2.175567278808659566e+01
2.166336928003648410e+01
2.423742973200902995e+01
2.251052073737895753e+01
2.388944192385160292e+01
2.492693319422652820e+01
2.147461293175827279e+01
2.203878243156989214e+01
2.377362256065896062e+01
2.296955302852902037e+01
2.308159660800211910e+01
2.546192226299669059e+01
2.366727329404022839e+01
2.359142086127142335e+01
2.549323717596913497e+01
2.232862254121377532e+01
2.132294309518826836e+01
2.329848081955920236e+01
2.025335893639860174e+01
2.280990343059070824e+01
2.268664711562414382e+01
2.496407040397078703e+01
2.465111426201833567e+01
2.847324292563348180e+01
2.079838321304048065e+01
2.217328894746486512e+01
1.928652470607477909e+01
2.497211273258328390e+01
2.821480211234715796e+01
2.432174988932313298e+01
2.447422735923284165e+01
2.245865290114754487e+01
2.103028697919098988e+01
2.223242398048718726e+01
2.282604610218521302e+01
2.228401828013865327e+01
2.212193919099575723e+01
2.302455345311362223e+01
2.059529782677122967e+01
2.047939288839774363e+01
2.425907116412454556e+01
2.054863671147126780e+01
2.160010016050329895e+01
1.921625762787535052e+01
2.366670247046830866e+01
2.490651280145365476e+01
2.019287884606426431e+01
2.574008896711048777e+01
2.215495747531431903e+01
2.623349503309231778e+01
2.038149013392468945e+01
2.056324682727537834e+01
2.044942981708318186e+01
2.119387523285043784e+01
1.936776136154557548e+01
2.177434256297090442e+01
2.678404592631889258e+01
1.848816882743448531e+01
2.181318411626132558e+01
2.223711354403539175e+01
1.955913854248026240e+01
2.106375561333500457e+01
2.661553307389373657e+01
2.276067114013580550e+01
2.436459806141546025e+01
2.228682105723268947e+01
2.107732684389061006e+01
2.182373012423304459e+01
2.468962256787678555e+01
1.943322123764644260e+01
1.954893613286396103e+01
2.082570470800729012e+01
2.290098352011374061e+01
2.398977393607261988e+01
2.372005865269594338e+01
2.543154568518708558e+01
2.396757285493721668e+01
2.468092038651874276e+01
2.371778747956824773e+01
2.409211718576895223e+01
2.147705813782157946e+01
1.726682291643862754e+01
2.380200689151330451e+01
2.090778240678888267e+01
2.326452441687493433e+01
1.729073045096047068e+01
2.338269376762698215e+01
2.410884973674410858e+01
2.502457304601979970e+01
2.406722183124393410e+01
2.040634044595280727e+01
2.073107237285113058e+01
2.106287552963648224e+01
2.477453260437746962e+01
1.939058952043775008e+01
2.527471928891520037e+01
2.158368993363140831e+01
2.468851753227236401e+01
2.103211548393393926e+01
2.323047053380691196e+01
2.431167924380545386e+01
2.160707751653411179e+01
2.868003633472284974e+01
2.031086330884933844e+01
1.906291165663437681e+01
2.389813550525036234e+01
2.154903391715469496e+01
2.421598798217763004e+01
2.692522040351220980e+01
2.329085160603180782e+01
2.071208106004558758e+01
2.694707395442624431e+01
2.229834891094487048e+01
2.302340332827757763e+01
2.083176349267577265e+01
2.303017112826593404e+01
2.573163852816007235e+01
2.378677345785510866e+01
2.158939006917572456e+01
2.504045189966335982e+01
2.251159327122664422e+01
2.462979476258858824e+01
2.471797384008218756e+01
2.079393634266334345e+01
2.376746993535655861e+01
2.487825467278719671e+01
2.371765044951448687e+01
2.651562300318356691e+01
2.407388436736908233e+01
2.496146469960997294e+01
1.888029041015328247e+01
2.069295824387900140e+01
2.058423627115800869e+01
2.256175373313030974e+01
2.570949317549797186e+01
2.230362975070939768e+01
2.117483727647773861e+01
2.056209698596233082e+01
2.291192808102230671e+01
2.351008559915285190e+01
2.265896139701421674e+01
2.346279861793264132e+01
2.052094211885054520e+01
2.190934987000516898e+01
2.009114462485098329e+01
2.156440528253456534e+01
2.360229029566440673e+01
1.902815698585424542e+01
2.016102701347494630e+01
2.043819192979620780e+01
2.435787745799706272e+01
2.084090587263298033e+01
2.433570157925944955e+01
2.207476721314314005e+01
2.196687249223283800e+01
2.461140222640194963e+01
2.454471804096348464e+01
2.423138517272048276e+01
1.971350826284783153e+01
2.350046538557653975e+01
2.756168129937357136e+01
2.474746332513927172e+01
2.616213755311699529e+01
2.364177808577320405e+01
2.092764142265443539e+01
2.214557503220779822e+01
2.178489325181669756e+01
1.851929479247632671e+01
2.437468533704383589e+01
2.356558823821722370e+01
2.349835743790118059e+01
2.230788580581665315e+01
2.237820360125740038e+01
2.353245847902505972e+01
2.229221541361465597e+01
2.360979070040216143e+01
2.002159581610446182e+01
2.300268905649239670e+01
2.203845466075312132e+01
2.375007012587235167e+01
2.288022163456365732e+01
2.088537728947762773e+01
2.089100931806965988e+01
2.054189914889676416e+01
2.670067970046014239e+01
1.913392501181071026e+01
2.159403818563963284e+01
1.933160897029080516e+01
2.691638149884735753e+01
2.239955760006998631e+01
2.359242825136379906e+01
2.468762499579697334e+01
2.046004819147279008e+01
1.745571709886956313e+01
1.995101683355771272e+01
2.318962023799398153e+01
2.144234289984217412e+01
2.374866254987170322e+01
2.280617018899363302e+01
2.417379840778316336e+01
2.181879210594876284e+01
2.300496602198829166e+01
2.434556573517940947e+01
2.217668925322838902e+01
2.497106760143786630e+01
2.533031411783559150e+01
2.421318046811669333e+01
2.310897308764230473e+01
2.547331002199151584e+01
1.809289123426540158e+01
2.295053748184954401e+01
2.187423566069984204e+01
2.286361764897847593e+01
2.417715033389080759e+01
2.103908017994530510e+01
2.415191519228510586e+01
2.489137328313336894e+01
2.660821366963237722e+01
2.016288165340112926e+01
2.250458583429401216e+01
2.150598648827309489e+01
2.098138662402687871e+01
2.026609321970172317e+01
2.064276123662338946e+01
2.177686434538573579e+01
2.607509031895078522e+01
2.510340517092242152e+01
2.216350544297520742e+01
2.236349132062734313e+01
2.329736705769120064e+01
2.388875177509353165e+01
2.292327428315198290e+01
2.387504642968495361e+01
2.276797233686371058e+01
2.240977813506257377e+01
2.464430773526343543e+01
2.358628055465751672e+01
2.327469832921650550e+01
2.399831841042886893e+01
2.135952489070281501e+01
2.165767658128195094e+01
2.147596181856516395e+01
2.407462774736443478e+01
2.228411345527074872e+01
2.109640909111167062e+01
2.308880588324346306e+01
2.544546744736987520e+01
2.171883133359550655e+01
2.083369042399937143e+01
2.504489649918760819e+01
2.540896510640791206e+01
2.289200147273146868e+01
1.954030766920275752e+01
2.113366101140405817e+01
2.337533703236305627e+01
2.052912461746407757e+01
2.313449524460118667e+01
2.112456102419013604e+01
2.116714411591638623e+01
1.996499856336288303e+01
2.409226725489073928e+01
2.287780468412743318e+01
2.051849124308625960e+01
2.690895519242413414e+01
2.191621721457916649e+01
2.356601406379602182e+01
2.516173819003596890e+01
2.219733629164394273e+01
2.106231341122894918e+01
2.186394806882502095e+01
2.138734240467577763e+01
2.159269090590812468e+01
2.277662062112521824e+01
2.374298870645634807e+01
2.407798368829455171e+01
2.207642267486241394e+01
2.574773028835571154e+01
2.066193365310485675e+01
2.401094494818519465e+01
2.390572462967470102e+01
2.087078796039685002e+01
2.635987297290032316e+01
2.124885660574631530e+01
2.377687451924084883e+01
2.028640580202671018e+01
2.319404016689038883e+01
1.752802168273404604e+01
2.189167467096102726e+01
2.218198528317908114e+01
2.517691468073162042e+01
2.113662998064195264e+01
1.932114570205936133e+01
2.157830599680552197e+01
2.548544040593234783e+01
2.322257598333995787e+01
2.385621067736896350e+01
2.060333874526773101e+01
2.222696437617244314e+01
2.349133590624722245e+01
2.237002564049815234e+01
2.206041493423799693e+01
2.605442295089860849e+01
2.075960162365807449e+01
1.981041858011329992e+01
2.149853162327934797e+01
2.256656069222549377e+01
2.060761960695799999e+01
2.366655851907143315e+01
2.204628964950251557e+01
2.637389257553684985e+01
2.503303821802542473e+01
2.055250667797851705e+01
2.308521345638622790e+01
2.335894090020161684e+01
2.463114747352917888e+01
2.278079585922813166e+01
2.367120927675596675e+01
2.407340200444424383e+01
2.218166895834574248e+01
2.035662607837208071e+01
2.410791200333622442e+01
2.172085582623929767e+01
2.817716378100177721e+01
2.360303722046588959e+01
2.276661101671461296e+01
1.857077773549355371e+01
2.406278168133130535e+01
2.061810135918918974e+01
2.618733857621597494e+01
2.141834058016732811e+01
2.444517455926909122e+01
2.163315837612132242e+01
2.440724050220662278e+01
2.195870815804443410e+01
2.217800604664719089e+01
2.208433037035794300e+01
2.046388986012247457e+01
2.411974990248559081e+01
2.835424589398351358e+01
2.357558461319853649e+01
2.378093766820456523e+01
2.098148016801903282e+01
2.114836805324689095e+01
2.010306417688825675e+01
2.131834952268539851e+01
2.090957287075078597e+01
2.120097103756231860e+01
