2.417807152491749889e+01
2.501947567339687595e+01
2.346015876380763743e+01
2.631082436441673522e+01
2.318690551755252827e+01
2.236008959088983872e+01
2.420435241680048932e+01
2.343498188522072567e+01
2.170180515607045990e+01
2.106291024553246416e+01
2.160253727848712302e+01
2.430710794607723457e+01
2.585980949510039295e+01
2.190490436093596216e+01
2.262763987329052640e+01
2.244648013931546515e+01
2.422153257918935765e+01
2.608213763101652916e+01
2.279873021830069746e+01
2.411850572543499638e+01
2.141723182440767914e+01
2.420090377911009938e+01
2.458586642447845350e+01
2.313127622036240538e+01
2.203046613629424755e+01
2.109695793754245940e+01
2.469134598168426820e+01
2.536096469010901444e+01
2.590237232643925935e+01
2.282556818198316151e+01
2.437154076363593802e+01
2.300225826713634802e+01
2.111259640741565491e+01
2.260098092820599192e+01
2.255792996504525050e+01
1.945610655120913535e+01
2.666966668604556645e+01
2.553875152228027900e+01
2.434200933256581578e+01
2.439331737318569537e+01
2.219512531041832659e+01
2.467464370505847526e+01
2.321935886621231404e+01
2.257088643765843372e+01
2.256359389530138415e+01
2.316954989345777705e+01
2.360089473399872162e+01
2.102336346078030971e+01
2.418215329731070540e+01
2.270347347850222874e+01
2.256039452457730476e+01
2.254414838302503910e+01
2.424219710048461707e+01
1.996236076698228956e+01
2.258800390653878054e+01
2.254290233378536001e+01
2.146739345029284252e+01
2.373450333064014117e+01
2.268743399414198691e+01
2.369021255058224895e+01
2.369138626100267331e+01
2.159224218346484392e+01
2.142301883055829137e+01
2.126356667899674591e+01
2.486119738741999186e+01
2.304563190982604226e+01
2.407116440626092668e+01
2.215260056255616306e+01
2.334303906053970223e+01
2.368996026622395235e+01
2.271338632371364596e+01
2.240473546596532373e+01
2.225007526747008413e+01
2.101065375018803039e+01
2.252155394411405354e+01
2.142155750375304635e+01
2.113100374819418192e+01
2.515238209939641578e+01
2.324865772506901251e+01
2.318334847670384491e+01
2.405629268624871031e+01
2.492942371076774677e+01
2.137864509341016017e+01
2.627838431846132394e+01
2.445156793825767494e+01
2.312932129452933339e+01
2.246012165666938643e+01
2.409965698983561211e+01
2.034435628813261232e+01
2.086706733843572081e+01
2.457509821535114725e+01
2.106858793860207157e+01
2.220765961454440074e+01
2.381311419392323714e+01
1.957684883897571382e+01
2.244963222693906957e+01
2.221687598482641590e+01
2.527638142240056851e+01
2.231297987623347723e+01
2.227296301162784786e+01
2.165585615240674500e+01
2.330203523702440549e+01
2.004045719444049922e+01
2.434989157201243160e+01
2.173968948364606746e+01
1.963255639548071230e+01
1.924912307216898455e+01
2.446650802335872399e+01
2.244661222898049857e+01
2.350731656741454856e+01
2.275233468633521028e+01
2.105043375611961665e+01
2.287677331457888741e+01
2.302060535466654656e+01
2.427441412112797892e+01
2.418526822770418860e+01
2.403144622811189990e+01
2.293540933757872935e+01
2.180508884597244190e+01
2.311839622056321986e+01
2.321789440160119966e+01
2.100520209899940483e+01
2.072621252764892574e+01
2.296653580502513492e+01
2.129843004826024000e+01
2.579422286242251161e+01
2.249896336057753032e+01
2.113346992411889147e+01
2.544981922218234160e+01
2.121841078429698513e+01
2.191196686918634740e+01
1.968671112988456429e+01
2.107812970152496490e+01
2.516559948490476017e+01
2.287855433871463262e+01
2.311802601367788057e+01
2.120699299000580496e+01
2.244752571793781470e+01
2.313810384526390251e+01
2.454588512581237580e+01
2.285645159283905414e+01
2.213070255748094084e+01
2.283216643749526398e+01
2.150906739767988896e+01
2.374886868925244698e+01
2.357916906611742291e+01
2.249332182579693296e+01
2.178542472254278550e+01
2.454747406182649172e+01
2.163566351089198037e+01
2.533900250569348600e+01
2.214624310725207934e+01
2.196103961353495038e+01
2.219575535189130377e+01
2.110720950436116539e+01
2.191865084248642859e+01
2.389033707910778759e+01
2.513246200918018403e+01
2.399415507592127383e+01
2.146713300961344473e+01
2.552586753225157423e+01
2.380879957293750948e+01
2.064139264338329127e+01
1.951611015220228040e+01
2.011908702626573842e+01
2.281839382944149719e+01
2.089934200145208010e+01
2.068119333298766804e+01
2.267455605270755470e+01
2.255541917792305640e+01
2.039174313928879556e+01
2.236581938464307839e+01
2.320950821199433989e+01
2.190562555378728860e+01
2.349968189231559634e+01
2.210660578823643974e+01
2.012168348850195798e+01
2.598927627734056856e+01
2.274758096268736551e+01
2.272527132291313023e+01
2.342041015313997221e+01
2.305880188822142784e+01
2.158009742513490892e+01
2.089608880992399520e+01
1.908733888613870633e+01
2.132490818773889529e+01
2.154627833825670180e+01
2.225177141326873098e+01
2.382185855270026664e+01
2.403730169991320054e+01
2.229674627986658209e+01
2.419349833019349916e+01
2.053118901881514446e+01
2.440273937811595317e+01
2.382874743968301345e+01
2.176147903238575054e+01
2.289318840049157089e+01
2.372826339572107912e+01
2.317968871687700627e+01
2.281273307748749346e+01
2.400566869424571692e+01
2.406522255981305491e+01
2.085864695396803370e+01
2.184185079324965173e+01
2.521308126881307388e+01
2.290356723937523142e+01
2.212260749328985909e+01
2.481924419802348680e+01
2.481781214629561205e+01
2.012394257640906758e+01
2.057238784516871988e+01
2.532463929371588662e+01
2.468361749781603720e+01
2.282521265096913154e+01
2.022848434456359712e+01
2.222898268141874922e+01
2.428822239350506962e+01
2.618832127185400438e+01
2.205544347555938955e+01
2.336887000750311572e+01
2.222865353848455072e+01
2.220030662573596913e+01
2.172292291712221868e+01
2.174870716015021799e+01
2.109526433974973969e+01
2.081601418401839254e+01
2.221092085213490464e+01
2.278381943980937052e+01
2.234099419789659535e+01
2.355192580501081778e+01
2.262461534051124445e+01
2.357776209132267553e+01
2.399951881393753439e+01
2.423727763010591829e+01
2.343001706350299074e+01
2.123666086835553557e+01
2.156693993639822793e+01
2.036424785570805795e+01
2.357320594464245644e+01
2.279300904215527623e+01
2.359777522293014584e+01
2.274646439973844636e+01
2.145532233538344258e+01
2.281449457488953669e+01
2.594787327839488711e+01
2.168398748744472826e+01
2.079452122254483726e+01
2.219739370026131908e+01
2.389263753734826423e+01
2.143600505026620695e+01
2.233509597784835066e+01
2.412772833985489385e+01
2.255632789693257934e+01
2.104460496543945780e+01
2.350210305306194769e+01
2.459593424253856142e+01
2.332715118269058863e+01
2.428589106010658583e+01
2.059039036617102170e+01
2.349303214360924841e+01
1.951732596895126193e+01
2.340524430521881527e+01
2.302065117654398563e+01
2.044900851132328867e+01
2.195031539189105629e+01
2.134259193203110527e+01
2.207316436599337450e+01
2.263054330375642564e+01
2.406952134025734580e+01
2.276895575885317413e+01
2.049844848811324383e+01
2.122070610210836961e+01
2.528155848319651611e+01
2.208152593140517439e+01
2.320938936398013297e+01
2.193264647400105005e+01
2.279345066912393136e+01
2.265251668241583261e+01
2.385529697897458234e+01
2.253757438860758811e+01
2.429550824206250326e+01
2.442179134522738693e+01
2.340816518452803408e+01
2.384269734273525643e+01
2.305895834996927718e+01
2.434105070388298842e+01
2.320488360108537407e+01
2.159032709415797058e+01
2.013752481718344001e+01
2.499872469181338985e+01
2.187683040640433774e+01
2.218216084528490839e+01
2.376775206005478225e+01
2.271698187518966350e+01
2.337728732692644940e+01
2.404999809367709318e+01
2.296943529791042593e+01
2.502339538114639339e+01
2.294016852936038475e+01
2.206798356221625923e+01
2.161457151082879946e+01
2.193248472122525428e+01
2.164119860311073396e+01
2.143609749962615396e+01
2.355135610401536184e+01
2.119081162934624629e+01
2.363871761535138560e+01
2.482312935032418366e+01
2.073589202537680620e+01
1.974007186747140707e+01
2.074109649518592846e+01
2.302335112313419430e+01
2.438217879148578149e+01
2.056178083506674525e+01
2.318468775481919764e+01
2.203085019888908747e+01
2.642770321723531168e+01
2.363567504212856107e+01
2.175795979290898785e+01
2.052519405403828401e+01
2.389139193878529710e+01
2.677247186937184154e+01
2.258219207668313899e+01
2.355110477299537663e+01
2.267281329530054279e+01
1.987596773401077144e+01
2.246892791499848130e+01
2.379730869225227963e+01
2.329407823111720788e+01
2.299354577898428076e+01
2.380848704388646553e+01
2.150767484429021437e+01
2.325220130723996093e+01
1.986460488287697856e+01
2.538269524307345293e+01
2.417352582800375771e+01
2.288606990871599223e+01
2.403972719534496250e+01
2.549554706780243762e+01
2.127960757883474230e+01
2.452301038189857252e+01
2.379773771966674900e+01
2.027078226097549418e+01
2.438742672096310571e+01
2.268332798183620014e+01
2.140757057895000059e+01
2.284817117183666113e+01
2.082449163732675146e+01
2.164440224127221057e+01
2.141377962045203631e+01
2.189099885092965891e+01
2.279669528565957393e+01
2.414093961080155282e+01
2.284575195968181305e+01
2.040044494254993523e+01
2.308121039362354310e+01
2.360992565161835444e+01
2.343417945662459445e+01
2.010221588806511406e+01
2.372571074026391713e+01
2.503180732980789003e+01
2.254047110339255511e+01
1.846231602547756978e+01
2.330449714693777352e+01
2.325411265502249947e+01
2.374130930623088531e+01
2.472913360818509076e+01
2.379291913888050658e+01
2.007475605052060885e+01
2.354218309695129818e+01
2.224668115729714657e+01
2.707257537674021464e+01
2.410899183364765364e+01
2.193243274451259950e+01
2.201686128688848143e+01
2.356265245503773542e+01
2.254314011878476975e+01
2.335056143778237114e+01
2.334786399530031176e+01
2.307032196065449625e+01
2.142040437971600042e+01
2.332492583815419707e+01
2.400133769695614916e+01
2.158221274292752412e+01
2.254023853576058301e+01
2.024169184683129075e+01
2.446859359953563740e+01
2.497055663717091889e+01
2.263672683478623071e+01
2.295872419297610634e+01
2.212586424487642844e+01
2.408219327396053799e+01
2.484619693188234990e+01
2.467501601402388545e+01
2.415428754434643466e+01
2.196972961005350200e+01
2.223839164820828174e+01
2.298491749000013584e+01
2.199434420464760009e+01
2.393383582374567098e+01
2.357065252038447767e+01
2.221357705309663544e+01
2.172454457147123463e+01
2.189953700924382218e+01
2.219781179145532590e+01
2.306228166769091814e+01
2.262327222814212391e+01
2.309228504412681104e+01
1.899217882053576290e+01
2.075517628081662380e+01
2.192644493290379515e+01
2.223050601822774297e+01
2.206823464326028983e+01
2.381612593784391052e+01
2.244425765614932899e+01
2.313069408421750595e+01
2.144161609211106878e+01
2.181116837260251984e+01
2.185191648055550218e+01
2.345350146252075874e+01
2.399801462919776185e+01
2.124311452851644333e+01
2.038574902498360686e+01
1.993107362907012359e+01
2.306950342664326570e+01
2.198796536519573763e+01
2.081212406287779970e+01
2.405822285579735009e+01
2.383073929683850523e+01
2.504428501665794116e+01
2.178586489777128321e+01
2.271115188539562979e+01
2.424756254469839689e+01
2.555477140202038910e+01
2.172022599735266013e+01
2.393902472016874938e+01
2.228411394974745363e+01
2.403866339085255532e+01
1.984583125757654898e+01
2.047729626358420063e+01
2.322312681365212228e+01
2.087704284453280934e+01
2.057667999084780419e+01
2.184204431014147119e+01
2.290286227181590561e+01
2.293998397230727448e+01
2.569336292281689893e+01
2.222938133627156532e+01
2.184094869855585230e+01
2.306296021485320225e+01
2.645916856287302465e+01
2.537688048838937149e+01
2.428100434780684935e+01
2.188334443625565484e+01
2.166936727900870707e+01
2.238950357619146914e+01
2.100864150825006149e+01
2.415858726120107036e+01
2.196210869804598431e+01
2.258119915852007509e+01
2.465169721094565958e+01
2.107614659973205207e+01
2.243803843497912354e+01
2.458334991178738349e+01
2.360195268054971862e+01
2.414321943189196418e+01
2.141810906639132739e+01
2.533595427237654718e+01
2.405549617729207768e+01
2.294093620145375922e+01
2.274513956941149928e+01
2.479445725517800980e+01
2.294872875563615366e+01
2.401336390591183800e+01
2.589492111217137804e+01
2.370156221098239513e+01
2.352878991669475184e+01
2.431413186257890047e+01
2.269935754077344114e+01
2.125278656047017733e+01
2.302893662316098045e+01
2.336162018078053038e+01
2.352544751313234883e+01
2.455364952730839789e+01
2.257998531473343107e+01
2.173755053262414449e+01
1.928004845850373883e+01
2.397584316015798223e+01
2.427677922198278893e+01
1.975720679476728492e+01
2.276810374316307417e+01
2.425402473334129994e+01
2.198235927226763664e+01
2.610703046733855714e+01
2.200852169878556808e+01
1.989467034915746169e+01
2.415987742062636201e+01
2.244760828500549721e+01
2.317646960486207064e+01
2.060883794358083065e+01
2.289504090646302004e+01
2.222836396969670858e+01
2.110002823095578250e+01
2.379370358199039970e+01
2.336718234533145733e+01
2.329422493322455523e+01
2.281211732458312014e+01
2.341987239256840070e+01
2.218482991948031469e+01
2.173313805753426919e+01
1.967276640144737243e+01
2.177957560256080782e+01
2.235465482712300300e+01
2.000261564862537256e+01
2.236594515053272758e+01
2.199474142618451822e+01
2.188609192290605421e+01
2.373375975405333094e+01
2.183298975393817898e+01
2.321195613116970691e+01
2.502018582324129525e+01
2.336311853721204201e+01
2.316014121786328417e+01
2.097064183455346154e+01
2.119620115180541475e+01
2.334051677131519043e+01
2.494689835528467015e+01
2.305736632441506373e+01
2.161312679700233730e+01
2.332468077257145112e+01
2.348868538035555531e+01
2.260978625803428343e+01
2.344009502238224130e+01
2.246437904532406193e+01
2.361646669308613866e+01
2.093555805709733875e+01
2.232326447876000941e+01
2.358899113778359791e+01
2.404304202030216686e+01
2.206233180382633208e+01
2.128014458715286139e+01
2.209215054233447972e+01
2.229614882504747087e+01
2.098346635105547620e+01
2.264152301553125213e+01
2.262939271102029792e+01
2.216463923288722171e+01
2.132752247773601439e+01
2.291416739984296669e+01
2.184407258580581512e+01
2.321060617485343158e+01
2.512108249963995377e+01
2.216175344623942678e+01
2.239163284471463555e+01
2.378742695554660003e+01
2.101004293263549272e+01
2.561062165715533823e+01
2.062346438301478102e+01
2.125088841707104592e+01
2.545297509667141966e+01
2.111905296631880091e+01
2.189789522347907180e+01
2.594460989342904256e+01
2.155432598227723062e+01
2.330594307977817792e+01
2.152344248120976289e+01
2.139274586441992554e+01
2.014165440297667331e+01
2.072769986996943814e+01
2.100419440617139699e+01
2.326796741614927910e+01
2.351932586745115827e+01
2.127406286284027814e+01
2.292524479340690036e+01
2.040834747446733033e+01
2.184805186433697344e+01
2.146939071197670756e+01
2.322315691497326640e+01
2.446824488070921433e+01
2.437339536619292701e+01
2.788797317210287474e+01
2.215089478029145198e+01
2.593668901797261839e+01
2.229618396762492694e+01
2.375292356421446271e+01
2.254191628724618113e+01
2.226742310903017597e+01
2.190683823342799030e+01
2.205915132455866257e+01
2.064794385922384024e+01
2.212797294150825778e+01
2.251691573792775358e+01
2.284944458383429833e+01
2.407208930542942582e+01
2.501931615636437556e+01
2.110534267807969400e+01
2.390583787711650032e+01
2.218716236023716348e+01
2.501584529817010960e+01
2.260712860698348692e+01
2.286089556592432714e+01
2.430257632345305652e+01
2.076623397170499885e+01
2.085617921251704487e+01
2.332832556181204353e+01
2.270256801740210051e+01
2.449032838544261637e+01
2.112282041817867295e+01
2.226553526769394153e+01
2.013055800238794646e+01
2.247868978497361780e+01
2.411490164510458456e+01
2.273499537486672395e+01
2.466048514974528771e+01
2.305595625655922021e+01
2.344322466537585825e+01
2.566467632036298241e+01
2.361851873513440836e+01
2.157574686623211235e+01
2.314830302016065744e+01
2.313099877380763658e+01
2.424632033077562099e+01
2.160682462655441327e+01
2.216116415944274110e+01
2.044860139227024831e+01
2.199305361790636226e+01
2.338725519871808700e+01
2.593789934619606541e+01
2.118657193331264921e+01
2.173679176694968262e+01
2.440436926931656814e+01
2.260068510053726243e+01
2.114961077276064572e+01
2.235538378284217131e+01
2.255312652892196112e+01
2.186246895546470981e+01
2.378960346535582104e+01
2.341726656729530021e+01
2.301710816648971303e+01
2.468001771222924745e+01
2.067123338890062811e+01
2.179693657962318909e+01
2.068399561271051823e+01
2.297678066616335713e+01
2.356507252689483778e+01
2.158960995802189231e+01
2.675496834186324691e+01
2.108992682969254062e+01
2.329224047662057018e+01
2.513439327851276417e+01
2.390316049892384243e+01
2.479486967343332182e+01
2.217908870535528010e+01
2.057772627164149881e+01
2.252131746179543370e+01
2.391119229587474138e+01
2.170856511661116528e+01
2.243492900038748417e+01
2.286874557264242469e+01
2.097324124801252410e+01
2.414727636291216939e+01
2.395597252399761601e+01
2.268160831358826712e+01
2.334339387163561241e+01
2.486700477673105425e+01
2.290008604980321394e+01
2.297179813882290489e+01
2.334050201891197673e+01
2.312844131248864343e+01
2.326354370854933151e+01
2.130252578219010573e+01
2.139271529894623569e+01
2.235976447181318250e+01
2.274402182310712917e+01
2.419166054918883901e+01
2.376065724140615742e+01
2.587576194265858476e+01
1.976569683249279308e+01
2.216028034386748402e+01
2.220071704494724685e+01
2.422456353930039441e+01
2.562168673332775981e+01
2.306690238227706047e+01
2.350077727266138794e+01
2.310003821630037990e+01
2.178529947043361759e+01
2.276136083365373253e+01
2.453612360105533341e+01
2.183498886829085350e+01
2.302370220764787945e+01
2.224887632424519524e+01
2.260857800923259120e+01
2.179932805342109248e+01
2.220242953316475010e+01
1.987826995528298824e+01
2.331375374793649868e+01
1.963337498628844102e+01
2.386377937110329128e+01
2.450765939319020603e+01
2.073378301030617976e+01
2.327485281534435657e+01
2.277129050134870880e+01
2.495226828248367568e+01
2.200005808576412036e+01
1.995913858464604829e+01
2.139738282671135039e+01
2.136895001499192048e+01
2.213168130978838022e+01
2.230202299069414806e+01
2.494879910940691659e+01
2.146381273153565417e+01
2.266124862579782118e+01
2.373006492499256836e+01
2.270782322601246150e+01
2.277806772303248906e+01
2.444794094933417483e+01
2.253529650271344664e+01
2.397421585969471280e+01
2.349934037595691194e+01
2.219946737628619005e+01
2.291887657438617509e+01
2.411760950783080659e+01
1.993934284812929647e+01
2.093873217457501568e+01
2.019390174335272192e+01
2.317152972865264360e+01
2.177662106125162111e+01
2.197958686055934052e+01
2.419530100419799368e+01
2.265982404270212314e+01
2.412584558139978341e+01
2.221103031138965989e+01
2.282965185808350839e+01
2.152813566992945837e+01
2.040872633676039527e+01
2.234845649054875949e+01
2.098547386373121171e+01
2.350154030839132702e+01
1.986186040592613367e+01
2.109982146284074034e+01
2.297629127012157468e+01
2.389784900016202229e+01
2.321671247506580826e+01
2.184811517799931480e+01
2.122946173476807985e+01
2.199961922310729534e+01
2.504143602073594721e+01
2.237865835767852474e+01
2.401192073945880523e+01
2.298354252346507209e+01
2.478845292339804018e+01
2.040286889731940789e+01
2.357860014902120582e+01
2.424530821314638374e+01
2.077673543836638004e+01
2.698705787567872960e+01
2.178718644715133124e+01
2.323495782574790169e+01
2.464372946144359844e+01
2.396187857782619446e+01
2.203882613244469013e+01
2.223211801300013235e+01
2.269249867198886150e+01
2.144766387009915931e+01
2.467544073367902158e+01
2.271750164964702634e+01
2.212749942034097117e+01
2.272954469163596869e+01
2.230097033868516121e+01
2.486447887021129688e+01
2.299769914248918212e+01
2.225708349305898537e+01
2.460836955412391092e+01
2.345017584688904932e+01
2.387110873765966090e+01
2.455990790096977960e+01
2.203365803413176138e+01
2.445238892767933692e+01
2.421930029247135252e+01
2.441666310561781472e+01
2.467374070912824280e+01
2.458931668453248065e+01
2.449825153223579832e+01
1.962835781661163992e+01
2.151756138163863596e+01
1.982339945361660227e+01
2.417342233555113751e+01
2.508702330173435513e+01
2.411900158705115871e+01
2.211957451338068026e+01
2.204673764005904957e+01
2.359955041848962054e+01
2.188495737713634881e+01
2.118711683630184694e+01
2.238292756319674481e+01
2.083426241959901759e+01
2.291760866344230507e+01
2.026096684383584190e+01
2.232308878755438286e+01
2.409860703235619539e+01
1.907887405407272752e+01
2.137590390991106304e+01
1.952934820532468763e+01
2.379112692398362583e+01
1.962432668816607517e+01
2.230969973533058237e+01
2.142259337779886508e+01
2.078562666713792240e+01
2.448975885572905398e+01
2.261596199551545183e+01
2.407807622006416182e+01
2.112383791725395454e+01
2.363330501896163938e+01
2.656620524682824325e+01
2.358667520262389772e+01
2.419238162497121891e+01
2.244381945337599404e+01
2.132141110931992145e+01
2.070982328730622868e+01
2.241952967194749036e+01
2.083093630544159325e+01
2.348531874712188383e+01
2.367377863267358507e+01
2.431463765164780710e+01
2.270255416743721000e+01
2.279870808886064282e+01
2.350762596028538809e+01
2.367080660960045790e+01
2.375688758868858486e+01
2.073507821120799832e+01
2.324116395781465272e+01
2.181292261426340318e+01
2.310078453633101248e+01
2.390654071145187487e+01
2.094360338784779429e+01
2.060771687720667700e+01
2.124279441368679855e+01
2.694493525783484955e+01
2.067185538487840546e+01
2.256353474288867744e+01
2.145940896055143199e+01
2.417303516397588226e+01
2.194483965182513074e+01
2.234430096684386768e+01
2.301087433621122358e+01
2.039824969553981049e+01
2.186316106305380558e+01
2.061109738846658246e+01
2.313770089155131870e+01
2.248252427712138157e+01
2.187855100258244434e+01
2.266529474674423383e+01
2.477583140941861473e+01
2.231194648519801405e+01
2.285438449799969973e+01
2.409791825172715107e+01
2.082268727693395149e+01
2.392738477803502661e+01
2.426257847144457358e+01
2.220352044521374779e+01
2.282801429788349523e+01
2.467353402208991398e+01
1.914705727404044211e+01
2.323665019332197446e+01
2.163887292118435468e+01
2.233438436607994504e+01
2.368443748131486970e+01
2.078585323049572509e+01
2.375764374962599490e+01
2.395238461173020283e+01
2.337873618675633836e+01
2.162673877757809748e+01
2.290912923594152062e+01
2.062630538401563030e+01
2.063604348271667988e+01
2.076024650630785828e+01
2.295622025727486815e+01
2.151270428002267110e+01
2.417951622746271667e+01
2.341932468534699296e+01
2.122299485671025465e+01
2.361982325684604689e+01
2.528748909957011648e+01
2.279354210347291598e+01
2.367275808379383406e+01
2.277596895413038780e+01
2.247675231563452058e+01
2.297980957297646043e+01
2.487240590263107265e+01
2.395744807465502646e+01
2.449574057371809843e+01
2.488403051204730687e+01
2.071042919131801341e+01
2.205344742208338360e+01
2.179607032131562505e+01
2.350847573238350918e+01
2.278499908267342278e+01
2.228371834076484248e+01
2.385051778055596827e+01
2.208330690449141898e+01
2.363407296824786741e+01
2.144441672272311550e+01
2.259369600133683065e+01
2.388029219209476395e+01
2.299201117315400111e+01
2.023130276286873297e+01
2.160386842673805319e+01
2.398179384161933214e+01
2.100319583918819788e+01
2.184479341359740800e+01
2.073256207327433742e+01
2.023837710668409784e+01
2.283165045881882804e+01
2.251030257394727130e+01
2.331290760978535559e+01
2.133800310813004941e+01
2.670709587386895123e+01
2.001757351971577137e+01
2.456556682765754118e+01
2.491954694886037913e+01
2.314555033033966680e+01
2.052398631724708977e+01
2.269623254791954281e+01
2.155973349976528297e+01
2.192910457675807834e+01
2.287277065069968174e+01
2.162648007521326932e+01
2.370858794303690686e+01
2.194515772162277045e+01
2.430078987776276733e+01
1.918750545579362665e+01
2.458399127684087659e+01
2.477513109505559896e+01
2.116858137358445191e+01
2.448918008471085273e+01
2.011850681747251102e+01
2.350050678464140930e+01
2.027870081841506433e+01
2.243214383553972979e+01
1.996944434714807670e+01
2.335335853337615220e+01
2.250092943919858612e+01
2.432990613458412454e+01
2.230774366407262832e+01
2.203393715766955907e+01
2.189244243319558336e+01
2.632169416509817239e+01
2.330376195334491385e+01
2.495573864674780395e+01
2.066353539134661688e+01
2.199199682435421366e+01
2.365986582062544841e+01
2.122048978397730323e+01
2.135379426045706452e+01
2.336897073454614215e+01
2.307956580867423213e+01
2.159452860641310323e+01
2.190889100546851154e+01
2.143981379188218384e+01
2.135945577023450781e+01
2.301266509573742880e+01
2.228780386335395391e+01
2.513025706311373852e+01
2.481336044234646820e+01
2.255940913026535100e+01
2.236448322239809627e+01
2.253167153834083436e+01
2.544056534581342888e+01
2.295216297893458091e+01
2.332752540749721248e+01
2.267998535263508941e+01
2.190078183585914218e+01
2.152822624589226663e+01
2.369961420327003765e+01
2.209505976061236154e+01
2.512145059791049206e+01
2.306175921022479969e+01
2.379020845820368990e+01
1.995046508477204128e+01
2.518075026302222952e+01
2.248862530867549481e+01
2.469709699277590786e+01
2.321743913483679478e+01
2.289515641865640205e+01
2.225520155139824396e+01
2.477940296801319064e+01
2.268764045143763397e+01
2.179661760942451920e+01
2.311013325090243242e+01
2.138079835215249602e+01
2.367093323173353880e+01
2.601046786866551841e+01
2.431687544782279176e+01
2.276916406708523510e+01
2.058313278035456406e+01
2.233645836975199117e+01
2.059522166037785240e+01
2.268728037679071008e+01
2.032932234823954687e+01
2.133203023309490476e+01
