2.626205386802093500e+01
2.756310421689428480e+01
2.632648373022027855e+01
2.788818806018673158e+01
2.328296145385265703e+01
2.581589564389154035e+01
2.445370692512195276e+01
2.640163783181164092e+01
2.367582984158330461e+01
2.205785661354595462e+01
2.299767268806021292e+01
2.523103034023169755e+01
2.607285059418828510e+01
2.598793503973187669e+01
2.371380747948928303e+01
2.632440207678437716e+01
2.390528534270252692e+01
2.723590289928107921e+01
2.668860072044471821e+01
2.424110377415462025e+01
2.444531707548578225e+01
2.533977267041066028e+01
2.768222061020613367e+01
2.383567025343138468e+01
2.297928928002509252e+01
2.217086713220590966e+01
2.483387379626204350e+01
2.920395800308005008e+01
2.940917471645008874e+01
2.382759358542330830e+01
2.497675758630077780e+01
2.472303141534731807e+01
2.313695420900303645e+01
2.422902704651691153e+01
2.500677769302802389e+01
2.308481183015538463e+01
2.394427679124573061e+01
2.728250369873470405e+01
2.651854497640028185e+01
2.440492063538997414e+01
2.359178461672766858e+01
2.710319735257379392e+01
2.582772818881516486e+01
2.333341733754435410e+01
2.879374345567880056e+01
2.580892745763335938e+01
2.525565396404275731e+01
2.291403642579782485e+01
2.606976666725710601e+01
2.400492550515139101e+01
2.402869000110379005e+01
2.555810653451851877e+01
2.787833932271461279e+01
2.416312957817745044e+01
2.516759710822282159e+01
2.409434242822288752e+01
2.421660526995900753e+01
2.527402710444111023e+01
2.625162199934369056e+01
2.611920283228781869e+01
2.546925587660836499e+01
2.372445213371723582e+01
2.378558137213447665e+01
2.380093332119895067e+01
2.678131017350839471e+01
2.391114343496577987e+01
2.372357800560130059e+01
2.296916048234519536e+01
2.615250239924057851e+01
2.366971895807476756e+01
2.280296043868167288e+01
2.555404231421235650e+01
2.225758106506057743e+01
2.306857990020415272e+01
2.601029168380487278e+01
2.186584480124238183e+01
2.428691611334117439e+01
2.630378073656953575e+01
2.401417526403952252e+01
2.440853750337419825e+01
2.527847859522683294e+01
2.589319266491922633e+01
2.256395860041325108e+01
2.513015978155594610e+01
2.493891710639951853e+01
2.449775241201268372e+01
2.514689057386924276e+01
2.498874668233090546e+01
2.308743280388866737e+01
2.195629896507739431e+01
2.369813669791549415e+01
2.250155563392985769e+01
2.320022269064196507e+01
2.462837913663183897e+01
2.263726121711627925e+01
2.544444699010247746e+01
2.469843869272698100e+01
2.560918226225305361e+01
2.307575895993329240e+01
2.287377105931434329e+01
2.419429329671621787e+01
2.601535324024282048e+01
2.481449957861883604e+01
2.542548747029839618e+01
2.321096277744659986e+01
2.278884381920427415e+01
2.066385726805803102e+01
2.753553311205282128e+01
2.440669279013638260e+01
2.504910865571002176e+01
2.308872768966601896e+01
2.476149092215785430e+01
2.192312382779454438e+01
2.293939730074422556e+01
2.148130813158317665e+01
2.456809543337265822e+01
2.569689742841127611e+01
2.699346602360386527e+01
2.523906982012368161e+01
2.689273161524019073e+01
2.348930545029579875e+01
2.083975671554489395e+01
2.440165863657208689e+01
2.532609255514114110e+01
2.282712409110964202e+01
2.848219553613282784e+01
2.358780013399989173e+01
2.365215220077642755e+01
2.547889826729546314e+01
2.267570803710284721e+01
2.505666444543406612e+01
2.190918209397678851e+01
2.261164332336720406e+01
2.554067924301358161e+01
2.671618542219509607e+01
2.310519822010705937e+01
2.424608758381402751e+01
2.288614186506039516e+01
2.402978103238146446e+01
2.517253463900426169e+01
2.267697033752815727e+01
2.470763289818515318e+01
2.538679177466539372e+01
2.256553394415943004e+01
2.301021787490879333e+01
2.385516992573862893e+01
2.588778667634673525e+01
2.459799506190858409e+01
2.545051855456920720e+01
2.362891554843533726e+01
2.778739563111113497e+01
2.685935588244715078e+01
2.319060759574441732e+01
2.234798432173149152e+01
2.434781858145765909e+01
2.458156832067549402e+01
2.585185191291050089e+01
2.604642655468039081e+01
2.564117841220366500e+01
2.468632460148058172e+01
2.783842492463261209e+01
2.696031341623541167e+01
2.064486668879532871e+01
2.293463597724138481e+01
2.187051688648087833e+01
2.701549902015063509e+01
2.278573053705911633e+01
2.274182257763428439e+01
2.187043700864240847e+01
2.390848576815268700e+01
2.173267575686687181e+01
2.556154785653921735e+01
2.554232067561355635e+01
2.392708839035302759e+01
2.664758973159160860e+01
2.491221975513287035e+01
2.324094339499353623e+01
2.865242680954249721e+01
2.596018830571746605e+01
2.526855873274278252e+01
2.401454650816973668e+01
2.457910699292332524e+01
2.500155381816014355e+01
2.314462435277328467e+01
2.159724537836097369e+01
2.386619263448021755e+01
2.269843945147676578e+01
2.231230405605227318e+01
2.563040651575771278e+01
2.401280701673130125e+01
2.369747344452619231e+01
2.764016821244621624e+01
2.510734749260767629e+01
2.687447285158880561e+01
2.450671011431480650e+01
2.366606713072762247e+01
2.349029622498668601e+01
2.476999257524762754e+01
2.421228811509304890e+01
2.479040158119695647e+01
2.670864967292224534e+01
2.648937089102357945e+01
2.317512358161609853e+01
2.450906417828508665e+01
2.650962672772755013e+01
2.466745331820016673e+01
2.523032690402871836e+01
2.606479467235275393e+01
2.416178389474832500e+01
2.385227447401292267e+01
2.373985863435472154e+01
2.777340438288546665e+01
2.535018591555957812e+01
2.170972181799488609e+01
2.170946032689136018e+01
2.443755063982253972e+01
2.600287933380627337e+01
2.570538929276620266e+01
2.650072924809668251e+01
2.538715215461467878e+01
2.262438259236035165e+01
2.340248524119842699e+01
2.421376209516228428e+01
2.500878382262189703e+01
2.375966074715366005e+01
2.267619888965824160e+01
2.391369558540258211e+01
2.448599496913207929e+01
2.293513648499765978e+01
2.390162146300374602e+01
2.477810223825159497e+01
2.302915619318799401e+01
2.659749630505021756e+01
2.562189049265392526e+01
2.452049278405773691e+01
2.339874923756375580e+01
2.400005896521908966e+01
2.384887303289777449e+01
2.629902207308620277e+01
2.403449619343482269e+01
2.722724633529431060e+01
2.553857693959531261e+01
2.330831236210011070e+01
2.593356281637593241e+01
2.522370165417028076e+01
2.443805921189841968e+01
2.324502326331509039e+01
2.394173210363360482e+01
2.385571628988861903e+01
2.441573959252271564e+01
2.290803399576827104e+01
2.501069491674885015e+01
2.697625537975914156e+01
2.324658694771757794e+01
2.432643588848663185e+01
2.775605769518199395e+01
2.624214773316985116e+01
2.831462992173888082e+01
2.376199997533153052e+01
2.556944357422095493e+01
2.349611591191493432e+01
2.437152967739553588e+01
2.736200706625716350e+01
2.386169480826785971e+01
2.461739894673167228e+01
2.206752060135493565e+01
2.319038511552674109e+01
2.402966365288621731e+01
2.770621402652705001e+01
2.535426546827720529e+01
2.288473553679020256e+01
2.317595623853804199e+01
2.567635661219286902e+01
2.149966045191817443e+01
2.369033732349907240e+01
2.410553539433304238e+01
2.300300251034311216e+01
2.330948375789241922e+01
2.352640722066882617e+01
2.517193827511975002e+01
2.690684662636670410e+01
2.692036612656175265e+01
2.307946273697409723e+01
2.593738996716898626e+01
2.416151352334282976e+01
2.398995517879613359e+01
2.493998695516562591e+01
2.636172468678551084e+01
2.463126876405240395e+01
2.755812405078328453e+01
2.591011522530626010e+01
2.453437586197827969e+01
2.669823615659904092e+01
2.327970090062638775e+01
2.504584622014016659e+01
2.359413867076704463e+01
2.447188311452235610e+01
2.608028654989612249e+01
2.381789461838094724e+01
2.316071376689198758e+01
2.360838132082317742e+01
2.248314154637955653e+01
2.333048361654498137e+01
2.216028475443502188e+01
2.705729150403421457e+01
2.180071079215089824e+01
2.410027547255203473e+01
2.576054349337392679e+01
2.405020854056753876e+01
1.997761618312333454e+01
2.141633126550123123e+01
2.449134904153860859e+01
2.723668193657106329e+01
2.307894986237719337e+01
2.418454472523200138e+01
2.653765965193398202e+01
2.815171812935762929e+01
2.591930547656358286e+01
2.464103100666091706e+01
2.079365062289021182e+01
2.733898732155403621e+01
2.726980827114173778e+01
2.505563904092167604e+01
2.583812665072579762e+01
2.314790696403651182e+01
2.248995353021515342e+01
2.483517379153440174e+01
2.603025523685191800e+01
2.482153172074723457e+01
2.304507632718702581e+01
2.486788964471897856e+01
2.275435749966286281e+01
2.304783714527049199e+01
2.221141130372584982e+01
2.654702804764804469e+01
2.642951359129438060e+01
2.552342413427851753e+01
2.507318022240175637e+01
2.755062823474389688e+01
2.273339314030529579e+01
2.559491347173752374e+01
2.648314294705059879e+01
2.211715201947264120e+01
2.430057515280956437e+01
2.452213401810471538e+01
2.331926229600700751e+01
2.598869382621514745e+01
2.338482537428575014e+01
2.528871314056472031e+01
2.400757734669265275e+01
2.536647622650649581e+01
2.375832425768980372e+01
2.527184531168976633e+01
2.420423223888917974e+01
2.342047386285315724e+01
2.584449330189447380e+01
2.519612414083504248e+01
2.464599129473029393e+01
2.236313313226760968e+01
2.531785544831067725e+01
2.495787633416616558e+01
2.280536620085885602e+01
1.943647303666313420e+01
2.563427558065767542e+01
2.452832365142805671e+01
2.435278722317014299e+01
2.776504488805964144e+01
2.627655073566360500e+01
2.378081333768259853e+01
2.509176986699822720e+01
2.326371755485893900e+01
2.725326174052164063e+01
2.458097159709166846e+01
2.366993159173404493e+01
2.503098587413996867e+01
2.253547423253020199e+01
2.352745475309992429e+01
2.462208634198877277e+01
2.224779824568673448e+01
2.623894497800449344e+01
2.436477146841181352e+01
2.736593840102516850e+01
2.693075647885819279e+01
2.579622218190612770e+01
2.494750121404894827e+01
2.159756408979120579e+01
2.601573246555647501e+01
2.497690568028304980e+01
2.406697623539367470e+01
2.528895030103037200e+01
2.433581040692822128e+01
2.192938610890137241e+01
2.604721902406240019e+01
2.405277475473144477e+01
2.461429798032370186e+01
2.470352759215316496e+01
2.380377732537061064e+01
2.209605496288653725e+01
2.189157236464128786e+01
2.407699593848060360e+01
2.676040905292121863e+01
2.342848732242321930e+01
2.507961196691259431e+01
2.344500220661961620e+01
2.316846717747228368e+01
2.425535020691433274e+01
2.383105578951071735e+01
2.582231230928726617e+01
2.361232392622670773e+01
2.142209829029174983e+01
2.430969739386241102e+01
2.476252930701915744e+01
2.401685936778284969e+01
2.469439608590099766e+01
2.568541674052099566e+01
2.239980061922918964e+01
2.602940574087849512e+01
2.448145647427250893e+01
2.596768381757403787e+01
2.518021037438884946e+01
2.635593480825570722e+01
2.517162736432761960e+01
2.474888455463830894e+01
2.242964876452220579e+01
2.543081238977062242e+01
2.367132290851672494e+01
2.316583946107641623e+01
2.417177770873619735e+01
2.486318127223581698e+01
2.785907867284047512e+01
2.363134848361994145e+01
2.628935396728739704e+01
2.483484086005547198e+01
2.377643125772043220e+01
2.435596954533527025e+01
2.356567638731699432e+01
2.322973531338395858e+01
2.604168762109101110e+01
2.318772019053839983e+01
2.243586834216575099e+01
2.433587868767668994e+01
2.306565399672935257e+01
2.483922224824830494e+01
2.151367512935888016e+01
2.474421795094728083e+01
2.494027515393372596e+01
2.694324822519806872e+01
2.241823723397518719e+01
2.219996303274180605e+01
2.568402512078552746e+01
2.675640287180095456e+01
2.505005524569871511e+01
2.475716435172345697e+01
2.440459381762122248e+01
2.125739427329889608e+01
2.406471627659778889e+01
2.404744126208172617e+01
2.478187018285906618e+01
2.239786408335083223e+01
2.346565319133855709e+01
2.352227645751830210e+01
2.375257687810050555e+01
2.404040096283622674e+01
2.692674551403306182e+01
2.624124404658815024e+01
2.657480700850481981e+01
2.456913897306194983e+01
2.796913689317988982e+01
2.342856212787802761e+01
2.519036950649828555e+01
2.541278247542357605e+01
2.815262800076109784e+01
2.386554000741790915e+01
2.749626150682458814e+01
2.649565464717694141e+01
2.346115345697716847e+01
2.612100687129030518e+01
2.708303835209660093e+01
2.349285933852529595e+01
2.415819747538933981e+01
2.415603032539024042e+01
2.603171195506033442e+01
2.460504971713120526e+01
2.639241956501512831e+01
2.718635379359751880e+01
2.369634561108295756e+01
2.201649323582700646e+01
2.577867829639589203e+01
2.597532160634020926e+01
2.282090962476559071e+01
2.466186782761283780e+01
2.504965918286196214e+01
2.628382046950868300e+01
2.505944872135281543e+01
2.437027494447699638e+01
2.353289868009538210e+01
2.444788634318400966e+01
2.302483627600816263e+01
2.711641703043314067e+01
2.296352190325682585e+01
2.226480796688369423e+01
2.569252193236372506e+01
2.227141010258603515e+01
2.541374435203664106e+01
2.570278913782475882e+01
2.537922351734302495e+01
2.469933295673987317e+01
2.416568522221336224e+01
2.532607030127651981e+01
2.486826340346705777e+01
2.379998393210768270e+01
2.560856151332907160e+01
2.502990996208289332e+01
2.106007297233384890e+01
2.566748376286576772e+01
2.421512678782769257e+01
2.360842537186338674e+01
2.469415921021002092e+01
2.513427700833619127e+01
2.558035379150576816e+01
2.805392915180215496e+01
2.390471531086761914e+01
2.546859136353660347e+01
2.531907912580599529e+01
2.304802375676863591e+01
2.345389180898003545e+01
2.651524401637304607e+01
2.567657577480270703e+01
2.512409304271509569e+01
2.760954886516210038e+01
2.489726938286416313e+01
2.408129428039727671e+01
2.486762789008719210e+01
2.267904166339446803e+01
2.469352051805192616e+01
2.142634927298518122e+01
2.620313477861070695e+01
2.653143399084262910e+01
2.288354222977360308e+01
2.546882804977201786e+01
2.401712130913899657e+01
2.472618249444822069e+01
2.283899024561874924e+01
2.635312656890207705e+01
2.383851211430237527e+01
2.250631380814163762e+01
2.342955521180496348e+01
2.408186795491046084e+01
2.285055580533806463e+01
2.308855480165258101e+01
2.498261454280533300e+01
2.575356413132790223e+01
2.237293840612589335e+01
2.175812784828113422e+01
2.785482143344259498e+01
2.310342697916194510e+01
2.768199472096505431e+01
2.411607281467552966e+01
2.221052543291901671e+01
2.624085485490807201e+01
2.119799670715012496e+01
2.438299302803082114e+01
2.822478703859920657e+01
2.261608842501554761e+01
2.574992833936683567e+01
2.318873307533692341e+01
2.450335929472167606e+01
2.199500510973673428e+01
2.245740559557945204e+01
2.273494347783231717e+01
2.583157043055010504e+01
2.308278374340089556e+01
2.401015497227828988e+01
2.417998058875110701e+01
2.518681461205334315e+01
2.408713143604203566e+01
2.646804304931776741e+01
2.354892721221627738e+01
2.517808115720937323e+01
2.579306840101654430e+01
2.848161186883020690e+01
2.575529098715928100e+01
2.672850686413791621e+01
2.729366415899226794e+01
2.426000132099817819e+01
2.545349184025725009e+01
2.473960927860398584e+01
2.595570045861739672e+01
2.236103485066731977e+01
2.403891947930356920e+01
2.628874183204822046e+01
2.353907342084984577e+01
2.375100931193977516e+01
2.496352192161017669e+01
2.540266308638358694e+01
2.260407383931126901e+01
2.592876221237597534e+01
2.301797399562926572e+01
2.825418585743051025e+01
2.567636466483727986e+01
2.280178054852079228e+01
2.734630260354096620e+01
2.542921814467496944e+01
2.288823433468122914e+01
2.446423300485263397e+01
2.443833924768458488e+01
2.463843886922903081e+01
2.126474487033189575e+01
2.578615716155803028e+01
2.320484043853108602e+01
2.508035328551302712e+01
2.651124726278612442e+01
2.270171107167558233e+01
2.635464345228047733e+01
2.569312939942067686e+01
2.623942750645617750e+01
2.761184239125496376e+01
2.772091821875496365e+01
2.472610911093083175e+01
2.517484343320946394e+01
2.399317979108440113e+01
2.681959563194205387e+01
2.365349690869856047e+01
2.403907391509080327e+01
2.337326364401213752e+01
2.579688583767906707e+01
2.643957380592124906e+01
2.961043638352429141e+01
2.433275927730199939e+01
2.277700808096636109e+01
2.583707187627103607e+01
2.474720216924724525e+01
2.185956869672574499e+01
2.794264010828200995e+01
2.186216948723412656e+01
2.543840056539310979e+01
2.544216502420136194e+01
2.630878982754876105e+01
2.513577632462075329e+01
2.476551694308153273e+01
2.319684990848865525e+01
2.456073854554005464e+01
2.393128186462340778e+01
2.238838352214887450e+01
2.199317221690261093e+01
2.445538643611765650e+01
2.607082662157707276e+01
2.332103942385340289e+01
2.474685041285510678e+01
2.756778312196524183e+01
2.513941838020142683e+01
2.652217301030227503e+01
2.520037316428878071e+01
2.261544514238787684e+01
2.338553031664972082e+01
2.571279694570126395e+01
2.434524539048820913e+01
2.586905071700690328e+01
2.700769779011260852e+01
2.460454393142519436e+01
2.354996046352036387e+01
2.544715672822499997e+01
2.430211690850532591e+01
2.411112176636197901e+01
2.670210583224971757e+01
2.533285528960208310e+01
2.645569905307675995e+01
2.636662527705941628e+01
2.244266871771642613e+01
2.475175279711255882e+01
2.572423176033184689e+01
2.301099275250124165e+01
2.628051086774116740e+01
2.428101419278477735e+01
2.635840053550422013e+01
2.484264166349915470e+01
2.799309964950351315e+01
2.528961444515990564e+01
2.356529992884418334e+01
2.107202957460500059e+01
2.482195702726929909e+01
2.647260085192025869e+01
2.641248777678236692e+01
2.387502544933454374e+01
2.498840312375705253e+01
2.397728148208919308e+01
2.344974682908109287e+01
2.613961776001300663e+01
2.431067717859261279e+01
2.217760137374309792e+01
2.510865782510033384e+01
2.395980898396365788e+01
2.143515948786711434e+01
2.614685531172260724e+01
2.208790047089285125e+01
2.397757862958038899e+01
2.356949932626523747e+01
2.518036178699800232e+01
2.791856765031922905e+01
2.224593847443751216e+01
2.599479967495485511e+01
2.565830019338421764e+01
2.566357736186415295e+01
2.218205154159234027e+01
2.363548557293366770e+01
2.306827174281264803e+01
2.343890496643863486e+01
2.221700155787661757e+01
2.420822949114278799e+01
2.876540421830506133e+01
2.260240961607509291e+01
2.511979049754184246e+01
2.512419429523852443e+01
2.252642354659266033e+01
2.572307178942798700e+01
2.692451108007597682e+01
2.492864705447196627e+01
2.336322403868631525e+01
2.523604922612465273e+01
2.409950456616610026e+01
2.451218883482756894e+01
2.656518493711168460e+01
2.290537620784666828e+01
2.109024828996430045e+01
2.333805730359978980e+01
2.345129035908891879e+01
2.536801168367375681e+01
2.348293619028953927e+01
2.704964250271908455e+01
2.561696787225020344e+01
2.579938136404901172e+01
2.470213373009533342e+01
2.441207511017886134e+01
2.253744913252138815e+01
2.011627347961838908e+01
2.528555836143897650e+01
2.344073192578823495e+01
2.517443945678223116e+01
2.202431554087023713e+01
2.405738348383686542e+01
2.408078168328875535e+01
2.476797620622064500e+01
2.432840893009020888e+01
2.342924927134307822e+01
2.269517837054741705e+01
2.217890469439355527e+01
2.789367214621166013e+01
2.296212978347585221e+01
2.499994094367618302e+01
2.414071880471354348e+01
2.623131588554339899e+01
2.427103283777613640e+01
2.531149247636611221e+01
2.578599107344955854e+01
2.352385821976639591e+01
2.872164697451201931e+01
2.297838377157353307e+01
2.201453249362200637e+01
2.586561422717980818e+01
2.530603826145437552e+01
2.543656186608603775e+01
2.703824646839711221e+01
2.549282289142120206e+01
2.241734228662443940e+01
2.717237503392880171e+01
2.237537483233021618e+01
2.475199021823947376e+01
2.353180070418348180e+01
2.559350427886548118e+01
2.633138863866296120e+01
2.622976093308267664e+01
2.472132550219510350e+01
2.681087241343599814e+01
2.646625801973333836e+01
2.699838381527282749e+01
2.570774986388122940e+01
2.278505498016069097e+01
2.436350366064648654e+01
2.699876001342339293e+01
2.503321569872950647e+01
2.701225430818813678e+01
2.617874597808638981e+01
2.662101347269018348e+01
2.456463634100457227e+01
2.203437593326846411e+01
2.209262452187751791e+01
2.571793139172870823e+01
2.653811067993931516e+01
2.389697003107531970e+01
2.258815779254400269e+01
2.218302412740338525e+01
2.329236674802870510e+01
2.463696365751338746e+01
2.315623284835549356e+01
2.317044445632036087e+01
2.325966433608741823e+01
2.422258782364524166e+01
2.105883953630135963e+01
2.285735883983031158e+01
2.610201185978490557e+01
2.189002881639366649e+01
2.200006971066947514e+01
2.269753174058125467e+01
2.652415790760453262e+01
2.386669247997128807e+01
2.684889684739979288e+01
2.444370444592775371e+01
2.425691687137898356e+01
2.535797862521947366e+01
2.341930350544874173e+01
2.593666979228396130e+01
2.167179991507315862e+01
2.497147036670128628e+01
2.759252335633650688e+01
2.624271371865879132e+01
2.645404676216610085e+01
2.398902912047938685e+01
2.119821408198295387e+01
2.464315639985925444e+01
2.484268036029959248e+01
2.218747402402298619e+01
2.562802764334616157e+01
2.417080298239989489e+01
2.510142442221497205e+01
2.323718396906287609e+01
2.271181497871167210e+01
2.452606317586962348e+01
2.583797344549496700e+01
2.362027192149551880e+01
2.344530644148845866e+01
2.544105407258225782e+01
2.435212331883964509e+01
2.539848057888608324e+01
2.550070342435554238e+01
2.354295644703794110e+01
2.439063823155709798e+01
2.399589591620748408e+01
2.758125549305352564e+01
2.124417926095075160e+01
2.429252847457845021e+01
2.147143284244346972e+01
2.636648654474074505e+01
2.360495185879083024e+01
2.428609596487867961e+01
2.381980381451051443e+01
2.232252995257092465e+01
1.960174314404948959e+01
2.235164630181028045e+01
2.357018222774708960e+01
2.524504951521033291e+01
2.526234693901345807e+01
2.622120008050734441e+01
2.616410427958098239e+01
2.536593034537173352e+01
2.445274515334297050e+01
2.569399869422177574e+01
2.404255220709534058e+01
2.681504862863256378e+01
2.430404528213743731e+01
2.456766992104022052e+01
2.578980557442402954e+01
2.580694622729880905e+01
2.151629440831283091e+01
2.459243647056203486e+01
2.354940188721156247e+01
2.607638169258815708e+01
2.503078094232571615e+01
2.338689197646830564e+01
2.524767050956600656e+01
2.653784094523827264e+01
2.779454270320330878e+01
2.202377271483616994e+01
2.589973231755293526e+01
2.225819803137425268e+01
2.417990994497515089e+01
2.441404092282929028e+01
2.312333078118204455e+01
2.443120129549312125e+01
2.509730742121173819e+01
2.619739207198441733e+01
2.405607334942109432e+01
2.378111466576886812e+01
2.567706363284173676e+01
2.503269229283867858e+01
2.454010657191718536e+01
2.527771430197105929e+01
2.357625401313854141e+01
2.472093950044087052e+01
2.538867231722693063e+01
2.444619455300224686e+01
2.385867701922305173e+01
2.603006683994141213e+01
2.438657258204219502e+01
2.482944631000280822e+01
2.215660703499238338e+01
2.493796913476833765e+01
2.444423424093523067e+01
2.249949023975540996e+01
2.390997946719934220e+01
2.714035541491746883e+01
2.502573693961043588e+01
2.285314886552876601e+01
2.442877430883184431e+01
2.795791312706890608e+01
2.649167194284020965e+01
2.004666956940192790e+01
2.181015199946021355e+01
2.459446343561510062e+01
2.346402598147889407e+01
2.481452248707195807e+01
2.320736745990521754e+01
2.484221137908331656e+01
2.494591888875740437e+01
2.553395571830243327e+01
2.369763821814796856e+01
2.307555350239280756e+01
2.830713649066840532e+01
2.455272052689799622e+01
2.538461229616610382e+01
2.558976530527032978e+01
2.346680078943076353e+01
2.408195037472200184e+01
2.433121412607476941e+01
2.240834343384663541e+01
2.521608164105341032e+01
2.476475941108303758e+01
2.700061051666898848e+01
2.451424842598405363e+01
2.405918716477044228e+01
2.651218681450782100e+01
2.020664092009953094e+01
2.462636345332028043e+01
2.522859121454461828e+01
2.355345015323505464e+01
2.675520030524433324e+01
2.448331967057926661e+01
2.427815206862192809e+01
2.219130900071338530e+01
2.541178128554259175e+01
2.019969414820129927e+01
2.424163089142688676e+01
2.393397195294447144e+01
2.492542900766440894e+01
2.397652414974356816e+01
2.404030604176785602e+01
2.346187946171349026e+01
2.776348051799516270e+01
2.348450434042379342e+01
2.557659785330702107e+01
2.263144226308681795e+01
2.475564631290138706e+01
2.539094895827791376e+01
2.409799499734425154e+01
2.310058213739281641e+01
2.814056100945653327e+01
2.320522144380016272e+01
2.484506257704694931e+01
2.172410337684700821e+01
2.537454544614621099e+01
2.324975256503799059e+01
2.543876396723807076e+01
2.434760369732164165e+01
2.623649031723520153e+01
2.585023901097234145e+01
2.474907865851062994e+01
2.340342087351749356e+01
2.586441507502335568e+01
2.843457260314759694e+01
2.657145239130961656e+01
2.656209539001890718e+01
2.558709335502994620e+01
2.527439007243120628e+01
2.299908165973568686e+01
2.389253918218448902e+01
2.370647333153409875e+01
2.717804102298478952e+01
2.470575112358852010e+01
2.312575734116089166e+01
2.098127296286498122e+01
2.735213365353000725e+01
2.159633642929193442e+01
2.693179929914225212e+01
2.278672285340462622e+01
2.494268398366219586e+01
2.141589165487528845e+01
2.427038059225205657e+01
2.330931769321499303e+01
2.513642943552204656e+01
2.654327026380437005e+01
2.494742719325120106e+01
2.492992003991965788e+01
2.755605252687418982e+01
2.470141626259482592e+01
2.493603255399423091e+01
2.296974152820186887e+01
2.578521478019359847e+01
2.318881867176116174e+01
2.337266785190530882e+01
2.213521774372472706e+01
2.588644754413462934e+01
