2.467034301102160043e+01
2.646563803019555650e+01
2.409309079391932329e+01
2.490118973364975474e+01
2.092865347124060449e+01
2.307237585287542458e+01
2.295643803498781566e+01
2.553406090351858282e+01
2.294918649696113988e+01
2.047754150607002899e+01
2.241068359345358729e+01
2.370858692676180368e+01
2.493439749761792612e+01
2.368121672480226181e+01
2.341462917043528336e+01
2.113135011758446780e+01
2.317258394050494275e+01
2.661765024800418189e+01
2.387641932693075120e+01
2.245919990897654017e+01
2.078761634669455205e+01
2.334217729524892704e+01
2.539081412022973794e+01
2.169924983110679761e+01
2.101810372240473157e+01
2.084867167073774397e+01
2.340292088589549380e+01
2.506360241496477670e+01
2.547748183691591350e+01
2.364920395588243807e+01
2.423792877545546887e+01
2.300312911958947026e+01
2.219336472230112633e+01
2.286791907974150462e+01
2.394870483063020217e+01
2.094400080944830833e+01
2.407375408096242708e+01
2.316211644953860471e+01
2.416032058727061127e+01
2.343196038395297265e+01
2.075293235375339052e+01
2.388543253674824385e+01
2.432569800474566080e+01
2.425205517831689761e+01
2.458010059753440402e+01
2.324940783377196141e+01
2.441761627295661441e+01
2.206297056134865997e+01
2.490506331022712061e+01
2.011233314174984699e+01
2.269457474147914766e+01
2.350947796663892930e+01
2.352064956336953117e+01
2.105267884125290934e+01
2.093820230321144393e+01
2.182984132342542338e+01
2.255563767685145038e+01
2.546775167596375056e+01
2.369168314505376927e+01
2.191180746646629274e+01
2.493582438494861719e+01
2.273282599059382036e+01
2.279326027218167283e+01
2.026310420696419712e+01
2.459166306716200623e+01
2.008638949761344961e+01
2.462484636498853874e+01
2.202277215094911966e+01
2.132523061318556401e+01
2.133889280184663662e+01
2.144910854230013442e+01
2.374938051686631724e+01
2.108184366557567202e+01
2.186904323273114414e+01
2.374322432232836988e+01
2.076946559309508800e+01
2.197024863844455922e+01
2.524243747649231295e+01
2.299281118295377624e+01
2.289333916496039123e+01
2.421035064030535722e+01
2.350689435006987438e+01
2.027936719505196095e+01
2.455930105557958854e+01
2.421660358517997480e+01
2.199975333507097730e+01
2.169443272627677999e+01
2.235112505580655906e+01
1.931788548155693164e+01
2.142022380308081253e+01
2.331023293818174835e+01
2.137044527690148144e+01
2.251895293604446735e+01
2.359254989565712179e+01
1.940284588213853567e+01
2.350662234893698255e+01
2.235665065328163692e+01
2.340589057304974219e+01
2.158499957805066316e+01
2.226302256098415810e+01
2.108419244354016087e+01
2.481758106020032884e+01
1.928214127343168727e+01
2.503630504346752517e+01
2.062900045349283218e+01
1.742792449149447265e+01
1.915473726804012244e+01
2.411156630725210093e+01
2.066069382607991756e+01
2.557140898022284858e+01
2.369303212678910597e+01
2.336222257134097902e+01
2.161615226601351125e+01
2.078083074615005543e+01
2.206197277939406831e+01
2.363507747851857843e+01
2.313676951412370286e+01
2.327359002778870334e+01
2.223392153480637745e+01
2.516793454611237379e+01
2.393300502386686190e+01
1.988493662798250483e+01
2.150269763331325024e+01
2.173921397321240434e+01
2.203685989110281440e+01
2.791800808158540548e+01
2.133415719305711988e+01
2.253910970073732400e+01
2.532951060114200459e+01
2.121758940368945545e+01
2.226359478476428677e+01
2.086842322067752775e+01
2.064472083600013264e+01
2.303360721670032163e+01
2.391855974405515894e+01
2.318769783565453935e+01
2.293058232943942087e+01
2.077033601091421033e+01
2.175852284471447362e+01
2.333673460007812039e+01
2.279013764915554319e+01
2.174930042639029182e+01
2.178843606983989289e+01
2.047452867655553987e+01
2.173253582386146476e+01
2.175121015130825342e+01
2.286848258051561800e+01
2.191564575431828388e+01
2.353871370421200382e+01
2.248413649504221823e+01
2.574435575520660535e+01
2.308708394122894703e+01
2.172738662026396739e+01
2.231867506287420255e+01
2.240740095907504070e+01
2.491415081294592326e+01
2.207391865790932428e+01
2.365841375365595312e+01
2.508363213486600785e+01
2.291465767606710813e+01
2.723242442707433142e+01
2.485901314295639963e+01
2.168560838569871052e+01
2.163027788600079759e+01
2.029796209336996426e+01
2.449558322342749861e+01
2.049219851129941006e+01
2.164997451994149813e+01
2.260272157834506501e+01
2.233711849103005065e+01
2.185095819461655609e+01
2.018905243416790896e+01
2.496172973952241492e+01
2.152213548829718448e+01
2.279253387670501496e+01
2.423523558111532239e+01
2.197125326802976630e+01
2.615183765321387099e+01
2.303383118091074167e+01
2.292650224098855105e+01
2.204883650377817972e+01
2.260238476274915342e+01
2.243764728940831077e+01
2.180557842372519772e+01
1.936280896343309621e+01
2.080093022249313250e+01
2.224692058323248745e+01
2.264162707825230925e+01
2.487603528122477670e+01
2.399384640767028642e+01
2.205349391874259268e+01
2.456593812571782109e+01
2.243830537521121471e+01
2.536456312178300720e+01
2.324043127583428614e+01
2.182841493488698603e+01
2.284529080289894054e+01
2.528210364634100316e+01
2.253663252016163199e+01
2.411324551455077980e+01
2.464775953817040488e+01
2.562675912853939764e+01
2.145890599031029566e+01
2.193378349370644997e+01
2.543694054641973068e+01
2.370735516938913179e+01
2.426298019134975092e+01
2.510294723869849420e+01
2.279017417153297487e+01
2.079482785022121405e+01
2.050239818477486864e+01
2.513652939878695491e+01
2.286506156596055206e+01
2.261217902626603404e+01
2.104133018275970457e+01
2.312932931004374737e+01
2.377560070213346322e+01
2.517781336424211602e+01
2.358497803107342250e+01
2.465325977543601255e+01
2.197324693287898256e+01
2.265496478484690002e+01
2.258673460484085993e+01
2.164645615753994434e+01
2.174162814088466789e+01
2.191049434817481512e+01
2.220991413463882935e+01
2.068499560916796653e+01
2.141278448082655572e+01
2.296565816776592683e+01
2.153029259148643249e+01
2.275624108591957295e+01
2.446570149160109864e+01
2.345700464680697550e+01
2.133691913999095391e+01
2.232571746765432152e+01
2.143809505832553342e+01
2.212553770522691110e+01
2.475209097348156462e+01
2.199895688719479026e+01
2.464680268733678403e+01
2.280725216988376758e+01
2.115585900665483621e+01
2.194136746263813720e+01
2.621383609571925177e+01
2.308227350075526374e+01
2.116119495873110878e+01
2.165368302353916263e+01
2.197525680441447093e+01
2.039029649392729127e+01
2.299070788026154943e+01
2.429927249633610131e+01
2.178824304861903016e+01
2.045907372203415875e+01
2.257193521921409385e+01
2.533425205007585745e+01
2.292108566039676276e+01
2.344563230883579052e+01
2.122654424144927532e+01
2.296830944701169486e+01
2.033941048830144993e+01
2.282132155027953857e+01
2.375666946128345458e+01
2.325793829840045390e+01
2.259841500538065162e+01
2.090432114360743654e+01
2.166404862526863084e+01
2.152124041690756684e+01
2.347374418492840675e+01
2.165857646390858449e+01
2.228460501382860315e+01
2.236504607748537055e+01
2.470795395979277131e+01
1.920587810504666493e+01
2.329436270113790641e+01
2.231028080692050608e+01
2.186742594543444440e+01
2.227476138603971734e+01
2.163064317987629082e+01
2.228497151368852158e+01
2.551239023205526735e+01
2.361451976478518944e+01
2.259981404918905668e+01
2.434522639141755107e+01
2.213056296469568807e+01
2.366631440280250587e+01
2.373537282126568826e+01
2.328247840349855124e+01
2.305196891996446240e+01
2.679562475068930993e+01
2.282720653856032200e+01
2.319390822546145969e+01
2.657788752952536626e+01
2.167882962697079208e+01
2.521717318976112310e+01
2.234947361724814385e+01
2.152922892182544956e+01
2.422947215729071146e+01
2.465145852332605969e+01
2.356361311711749451e+01
2.325427977113845657e+01
2.144139029497503657e+01
2.142858260823582839e+01
1.978408681600639341e+01
2.440759959981003391e+01
2.155544529319334046e+01
2.246186345384959893e+01
2.764779399946879934e+01
2.125228071735028479e+01
1.875685628532781735e+01
1.939188382279248302e+01
2.195044408076592646e+01
2.480811446230893225e+01
2.188443505861194183e+01
2.315748811809398688e+01
2.328953347747652103e+01
2.676239147391563478e+01
2.484694025407857865e+01
2.200810035794834363e+01
1.718329306790257505e+01
2.671561662611265575e+01
2.642069679297702578e+01
2.439670140596715697e+01
2.382389502030800088e+01
2.135411722767145903e+01
2.152274119108192707e+01
2.131318642839410415e+01
2.414387415461343522e+01
2.183240004095218367e+01
2.103037981225469721e+01
2.308694932941232736e+01
1.943096062861982531e+01
2.419831595472208008e+01
2.044076587036032322e+01
2.509240374062838086e+01
2.534151010712630381e+01
2.620296696799858438e+01
2.392149250360141721e+01
2.482977894870889557e+01
2.271272420768852385e+01
2.398857257304130997e+01
2.455740675676720031e+01
2.062300161959817757e+01
2.409529378503482988e+01
2.402807480230091031e+01
2.070665495251537891e+01
2.379271785073711598e+01
2.107819526637235086e+01
2.269311778133280910e+01
2.283974361148483112e+01
2.346095182396101109e+01
2.382961769443005196e+01
2.533431459784395656e+01
2.347920946358367544e+01
2.096203715024066838e+01
2.223316723822432195e+01
2.431967105034883048e+01
2.406492042585785285e+01
2.000495043637126358e+01
2.405696908907015441e+01
2.513061985705631685e+01
2.256425437455277105e+01
1.821304083733679136e+01
2.438049889894943334e+01
2.417242483953956977e+01
2.338551067074752154e+01
2.502272305938049257e+01
2.290526305293969500e+01
2.013081688075340736e+01
2.229660766432840546e+01
2.069377349185623416e+01
2.649897981167888616e+01
2.243221889728051011e+01
2.109237285352069335e+01
2.208013569497835249e+01
2.173492829258708881e+01
1.979839469770956129e+01
2.090838459142193528e+01
2.230289881676561592e+01
2.398156278723056900e+01
1.957103501724059669e+01
2.471606651988568615e+01
2.552222422661374779e+01
2.309487969329510548e+01
2.308870244072708999e+01
1.978117617526397609e+01
2.491747135533572077e+01
2.469236724007229000e+01
2.303395298362028853e+01
2.215579467762275456e+01
2.560170703073606191e+01
2.083843892894173422e+01
2.344585250763801199e+01
2.488884264204046559e+01
2.430030900336365463e+01
2.292913215809570815e+01
2.186594070894972930e+01
2.302409732332618120e+01
2.004878853832457253e+01
2.338896525349612787e+01
2.589846249635755626e+01
2.209086258158846405e+01
2.206877783826810457e+01
2.129802177486028114e+01
2.200678091914366874e+01
2.245581073304027342e+01
2.233950592725999584e+01
2.370578793190608735e+01
2.128091738308312486e+01
2.006012826207075506e+01
2.231025464252407886e+01
2.250480948917508783e+01
2.318003440911509117e+01
2.249510682530007344e+01
2.217428717868634891e+01
2.112651101476366478e+01
2.123059087172396175e+01
2.263430041409771221e+01
2.328974137018801471e+01
2.411871210217813655e+01
2.527836073431582165e+01
2.154248749897565673e+01
2.019769996631280762e+01
2.153031714085875592e+01
2.370306740725196804e+01
2.017608429028178207e+01
2.042034324189360461e+01
2.247910983811058472e+01
2.167665606274361423e+01
2.593424707716823363e+01
2.126711065208485607e+01
2.263588692432698934e+01
2.581994120319428276e+01
2.465201973928150281e+01
2.174153180604561442e+01
2.268974987689886547e+01
2.133612923394946392e+01
2.399526328650711804e+01
2.049385465837302789e+01
2.078999738732214198e+01
2.299762208381357453e+01
2.165876558326337431e+01
2.142948281219387852e+01
2.082813867434700583e+01
2.278444034363621284e+01
2.380691318531442136e+01
2.633202822226429163e+01
2.097171823794399970e+01
2.160486209086844767e+01
2.117133567078200329e+01
2.584002194217811876e+01
2.548259823053533069e+01
2.410979537985263121e+01
2.205159029208031640e+01
2.192950267632309291e+01
2.320041989319749476e+01
2.238054769572475777e+01
2.278553091478553583e+01
2.195340690240714920e+01
2.027608277489526500e+01
2.258950220045444723e+01
2.106668665709374366e+01
2.399514499082160413e+01
2.484229888500157557e+01
2.438624674324261221e+01
2.244417765016009980e+01
2.178249100052381237e+01
2.508508149680582378e+01
2.267005970933375636e+01
2.535567418716194510e+01
2.177926694829267262e+01
2.432323326244672046e+01
2.248775554468146964e+01
2.590469764292234345e+01
2.718993774251434914e+01
2.236304605165965498e+01
2.461602147568859067e+01
2.539442204950549709e+01
2.246334114103269641e+01
2.190798344050449842e+01
2.267623523018567511e+01
2.350728870347457189e+01
2.112199126879593791e+01
2.347753082899079757e+01
2.339746464924540348e+01
2.241016993672115376e+01
1.861148110398930200e+01
2.461652027075917104e+01
2.520946161077592862e+01
2.083484329964295512e+01
2.272608898902343100e+01
2.406574538994071943e+01
2.241345903454196176e+01
2.469076286345390514e+01
2.260362070725669881e+01
1.889890779952956734e+01
2.482858380264999809e+01
2.362074531075977291e+01
2.306656650694563382e+01
2.013684353631773405e+01
2.246749835196495937e+01
2.258505611881957620e+01
2.091489586691185565e+01
2.343092817508984638e+01
2.405844364641437494e+01
2.367539558987024506e+01
2.254362215254498736e+01
2.261474251798691881e+01
2.408021876227989821e+01
2.204251632895056190e+01
2.145056002158227315e+01
2.283578720856299427e+01
2.239878627144190304e+01
2.067294136233887514e+01
2.152940089079528718e+01
2.179509330008288615e+01
2.146355439788197828e+01
2.340535194507616978e+01
2.045378073338662261e+01
2.347478885216626665e+01
2.619015734325850531e+01
2.155450656629060902e+01
2.274612665563648406e+01
2.477888028250917074e+01
2.143939752416461886e+01
2.284430812491991603e+01
2.377538840997503655e+01
2.265195656996431595e+01
2.098680330654375581e+01
2.448173947213845025e+01
2.110986280966831785e+01
2.253003350315045950e+01
2.371584564434096620e+01
2.264811640098620771e+01
2.211259909550638980e+01
2.168247096342568625e+01
2.298591459787200719e+01
2.529099071076636562e+01
2.468514589593448250e+01
2.298231475921318889e+01
2.107470374007062475e+01
2.354034304303547387e+01
2.097851213487144051e+01
2.369632725633610448e+01
2.152129878550082864e+01
2.086767446576362417e+01
2.173166522179323223e+01
2.130968976420907168e+01
2.150773739873775625e+01
2.188730884838440716e+01
2.320830069209130997e+01
2.485779086468799193e+01
2.078201920727739349e+01
2.055029881557962312e+01
2.457088191313571812e+01
2.114956784327494788e+01
2.478575590055034539e+01
2.225005475571287406e+01
2.159867232330374520e+01
2.295527156516766354e+01
2.173735082629771753e+01
2.115791769505491615e+01
2.747498508100536085e+01
2.166628308608857623e+01
2.294871862753375780e+01
1.974530500456721072e+01
2.291376318018862435e+01
2.059143516496663651e+01
2.139259496652109860e+01
2.050503240308686159e+01
2.311451111269012415e+01
2.169829366772065882e+01
2.204419065873697292e+01
2.407540598121710218e+01
2.270690868224996350e+01
2.132518810460632963e+01
2.316120536655240514e+01
2.412926761668975573e+01
2.403057217077282459e+01
2.475156433232769970e+01
2.640696713605719381e+01
2.128952216510396411e+01
2.514068685392070535e+01
2.382985265601433156e+01
2.333622294244021944e+01
2.419807561172622457e+01
2.155670171580613825e+01
2.156062358874674345e+01
2.170520466610216204e+01
2.251466741973027297e+01
2.311835462630112303e+01
2.238466416539784376e+01
2.029685074172746795e+01
2.212393406290753362e+01
2.459338324310556700e+01
2.124730419064126608e+01
2.202861347017742588e+01
2.196939080701070068e+01
2.452363116195055781e+01
2.314843979871684354e+01
2.144071739455204906e+01
2.480889133861375839e+01
2.116338795949108587e+01
2.171060776082901711e+01
2.249706429364135118e+01
2.373981521230087921e+01
2.346482460136129333e+01
2.341112982004142395e+01
2.395499086780824527e+01
2.159398737396326950e+01
2.188764686410316429e+01
2.510773346507675186e+01
2.262130112388286207e+01
2.533013098045755029e+01
2.146014960993085197e+01
2.225446020911540401e+01
2.663478667665080835e+01
2.711874213136467304e+01
2.143831490841785126e+01
2.243688328364843443e+01
2.263209891697089304e+01
2.466616098300534077e+01
2.197302968055796057e+01
2.147014227479944637e+01
1.973969433176165467e+01
2.340167179414194365e+01
2.474620549279739024e+01
2.526093117714909297e+01
2.091280115209937307e+01
2.110470841013474086e+01
2.413242105249936031e+01
2.433367765684105066e+01
2.046816727673094150e+01
2.407381527210238303e+01
2.147170207738978931e+01
1.998017492677737295e+01
2.325668283749043752e+01
2.472442953271123400e+01
2.338330770121386237e+01
2.289794448269179483e+01
2.098521294986903030e+01
2.192482864751158189e+01
2.037186197866624937e+01
2.070703367907193382e+01
2.053268488858424234e+01
2.252421638082739719e+01
2.455080251200742225e+01
2.255179585720618718e+01
2.410009691362989415e+01
2.328590670903679793e+01
2.342048516876949549e+01
2.611184865758361084e+01
2.069133698683238975e+01
2.241520089645419489e+01
2.145074069274028972e+01
2.346950939887226539e+01
2.149753072111498753e+01
2.282741969294936624e+01
2.453702999596906764e+01
2.272530783334761395e+01
2.165577793819248598e+01
2.330250068986053691e+01
2.376260625944128080e+01
2.331663197615467809e+01
2.468005080220943270e+01
2.356346215579977610e+01
2.271614350564632900e+01
2.397321648901285229e+01
2.104621379460436614e+01
2.063208317910291711e+01
2.314320729581130465e+01
2.049871771426118272e+01
2.273872780570080110e+01
2.289341675672011434e+01
2.489850819137932447e+01
2.391324554172075878e+01
2.776569861051773813e+01
2.167334670996542556e+01
2.282257047886515267e+01
1.953629104553067108e+01
2.433914128740526550e+01
2.678739751655972867e+01
2.513644392592430776e+01
2.383975242648623549e+01
2.245337360934626147e+01
2.193241559772190996e+01
2.195748509470462295e+01
2.254832428596998284e+01
2.285166625479001823e+01
2.148748280723710025e+01
2.385607592010294908e+01
1.985490992294318602e+01
2.145662802891292387e+01
2.442346377599845653e+01
2.119070068133367712e+01
2.262908536481437949e+01
2.079150152029156828e+01
2.318876185664046474e+01
2.481154921972111538e+01
1.930426084442472501e+01
2.504146474943339484e+01
2.177811044186539746e+01
2.516137844700245907e+01
2.008275240299654740e+01
2.168736878075227636e+01
2.085258101042872525e+01
2.247801339973086598e+01
2.103252862469077300e+01
2.243759749681066040e+01
2.594093352995712465e+01
2.009170749490743901e+01
2.279665392263226309e+01
2.176443883017218184e+01
1.900450237087773786e+01
2.205360929424661975e+01
2.527823312570007985e+01
2.303982019217242438e+01
2.264712731358940445e+01
2.212645485530986988e+01
2.188970990793171012e+01
2.121979370762125683e+01
2.480480115818014042e+01
2.052010022888149976e+01
2.066477994985893218e+01
2.085183909309281702e+01
2.130823282127724383e+01
2.448270225497293495e+01
2.281800892242146617e+01
2.460191499904126644e+01
2.291585453664099958e+01
2.486137944844312386e+01
2.365660001695139059e+01
2.350509955760165681e+01
2.259293787245875507e+01
1.827806244843403150e+01
2.352951714990568632e+01
2.229411425023387139e+01
2.263331600049026093e+01
1.880619428384656544e+01
2.374851889407696959e+01
2.309216666715755650e+01
2.412653666420846932e+01
2.392948598712758113e+01
2.130931221238904882e+01
2.168061074053956361e+01
2.131645997503758139e+01
2.397804724453488134e+01
2.093195257208391169e+01
2.442324810476412722e+01
2.183163737011413019e+01
2.380997385807038214e+01
2.267387845719303385e+01
2.306537212956655125e+01
2.496434468473688995e+01
2.197374699227622230e+01
2.642834224104750618e+01
2.218823092749434167e+01
2.067502308850452764e+01
2.410279951570831258e+01
2.155602625095034242e+01
2.445391632153733852e+01
2.589779006172121001e+01
2.358667144165966079e+01
2.124103718872174795e+01
2.665270713589105611e+01
2.193774714449073215e+01
2.284941141494829964e+01
2.043928118473054312e+01
2.261908446550321017e+01
2.380814245322878620e+01
2.280798773569611981e+01
2.273328587554794566e+01
2.586896754634240736e+01
2.217369546421708293e+01
2.458957006280311930e+01
2.477552705699752522e+01
2.130193990393811987e+01
2.385044409863651893e+01
2.314330829839069992e+01
2.266408664872984247e+01
2.654058728478208096e+01
2.408720260438347793e+01
2.397892612658745648e+01
2.035197484777431498e+01
2.086968760207175322e+01
2.193597296845072719e+01
2.231690781020533620e+01
2.572199470052224868e+01
2.341827140359295711e+01
2.212651050551153276e+01
2.138186843009095739e+01
2.229219606476091542e+01
2.329014159254716532e+01
2.213454472855077881e+01
2.225185933429191465e+01
2.155032379705167145e+01
2.192538801210288923e+01
2.106552995857801491e+01
2.282005072273947377e+01
2.375724025129248673e+01
1.894499198077950197e+01
2.104145674454700554e+01
2.019926995880073051e+01
2.514042133946815838e+01
2.064148341540236231e+01
2.343260032854493247e+01
2.133354046932725723e+01
2.180431947548205329e+01
2.381648547134970428e+01
2.429993955118870375e+01
2.374343509867649971e+01
2.011167500820498688e+01
2.293417713125206348e+01
2.654972490282780839e+01
2.325759030616710277e+01
2.395031099347547965e+01
2.373091419933174251e+01
2.157867923935603471e+01
2.199377145954270318e+01
2.367194193564843019e+01
1.898307416522247237e+01
2.438956053034468496e+01
2.406378523373341238e+01
2.347892438822155725e+01
2.303921965092951396e+01
2.257719694804574573e+01
2.269037822547674565e+01
2.270176374368445948e+01
2.371916972314048522e+01
2.110001134510674703e+01
2.195012915544952037e+01
2.356528018211816544e+01
2.275657092066660070e+01
2.444157560731519396e+01
2.115429893809453077e+01
2.205365922078568985e+01
2.192538666599926955e+01
2.483399739450737798e+01
2.013732307681312861e+01
2.241258457952914185e+01
1.977450208973147028e+01
2.537982686193187121e+01
2.238718489821729207e+01
2.424171900620967790e+01
2.420339614902062308e+01
2.037867601129759620e+01
2.009041752542873738e+01
2.244755916802371942e+01
2.326133600559642645e+01
2.085919075083360141e+01
2.317114461170608664e+01
2.257826941887494954e+01
2.514424107860845936e+01
2.232999295758573055e+01
2.324996799041966611e+01
2.408880146791583243e+01
2.198327057808733187e+01
2.410014819695139110e+01
2.476144606835396900e+01
2.440221790186752315e+01
2.352277726222997600e+01
2.444291885222690297e+01
1.872498862934402908e+01
2.247850824204664733e+01
2.303579935008438540e+01
2.390851187064038541e+01
2.322625561730474075e+01
2.218298995588787292e+01
2.353570188400921737e+01
2.471884785669310247e+01
2.709145875617548072e+01
2.125640689749018719e+01
2.171127650282489441e+01
2.146565136571449273e+01
2.191086825859632370e+01
2.108912321386723221e+01
2.105096882971007943e+01
2.147262327492972389e+01
2.556814999715162529e+01
2.321481360210217915e+01
2.229736622887200070e+01
2.252086082031344816e+01
2.359032148242879146e+01
2.317146577395511287e+01
2.347450521112483912e+01
2.283104899580976621e+01
2.357671871146705200e+01
2.262094078597302627e+01
2.401726761514227704e+01
2.344673662404472836e+01
2.280917683352539171e+01
2.412996570600460799e+01
2.188527189256523897e+01
2.169158577614765093e+01
2.212480639764525137e+01
2.358876270386982554e+01
2.253940037834457044e+01
2.062973586521842861e+01
2.313100225557429468e+01
2.535359020866355095e+01
2.263329405559981566e+01
2.107889953190293042e+01
2.422348404709595471e+01
2.469412504294118094e+01
2.272441217490122156e+01
2.036500568065451233e+01
2.170540938756375127e+01
2.349571125578674824e+01
2.103946925453590211e+01
2.360927059243327264e+01
2.129264401071835877e+01
2.120308720861168439e+01
2.150594099648609969e+01
2.390205972290864622e+01
2.368082436774414745e+01
2.214867944144906886e+01
2.514995966386501891e+01
2.259691268465239844e+01
2.332442190142783289e+01
2.444188519814658989e+01
2.329833522930493928e+01
2.053940419748519020e+01
2.272145181142362347e+01
2.208934458430201886e+01
2.184581323397455677e+01
2.193609089448109017e+01
2.322899769568855532e+01
2.304310323001919514e+01
2.215035079728017919e+01
2.654528149466984743e+01
2.071849683902485140e+01
2.390557235427062110e+01
2.361764493886355609e+01
2.129518243930501242e+01
2.596510190312121225e+01
2.213615821174620990e+01
2.356331150963687193e+01
2.039240802812232545e+01
2.363105728704315922e+01
2.046972400240430545e+01
2.162772878152925671e+01
2.149919825113479988e+01
2.401772409687156440e+01
2.123718660474146702e+01
1.975857273317835805e+01
2.254681514355561234e+01
2.457913930561609561e+01
2.331970066024019772e+01
2.344510341576540213e+01
2.229346615099350259e+01
2.203677384358080360e+01
2.354490710096130712e+01
2.229512569111294695e+01
2.288181940901768385e+01
2.456606975742394994e+01
2.104947561338590845e+01
2.109677529466111423e+01
2.135417195048394490e+01
2.357067009318620165e+01
2.053570050337664199e+01
2.323808975081578510e+01
2.117565406818984286e+01
2.565904055241543347e+01
2.497102511206783859e+01
2.158608045588144719e+01
2.210479315458193739e+01
2.309780732878633103e+01
2.324709090309344361e+01
2.229328357742303268e+01
2.343395321958263722e+01
2.255403645493337095e+01
2.353464094472957058e+01
2.242587554168270358e+01
2.254088342376685006e+01
2.280077710851696082e+01
2.662930904026226742e+01
2.508454979053884060e+01
2.338524776589609999e+01
1.974819469475367484e+01
2.328741129299869073e+01
2.062149262139620731e+01
2.627616470247817304e+01
2.141717079560709180e+01
2.455437898326108126e+01
2.128576875954999892e+01
2.465353894855028827e+01
2.154341199037637367e+01
2.202306737219795352e+01
2.159048069891355937e+01
2.112165118658447938e+01
2.405629245944310668e+01
2.633246027956685253e+01
2.317471938505394391e+01
2.479803862751291632e+01
2.133256626090794228e+01
2.171242386768414079e+01
2.128790522786657036e+01
2.176978936144445242e+01
2.076557440305730040e+01
2.251008432427426342e+01
